object={
	name="african_dynamic_mining_objects_generator_1_0"
	clamp_to_water_level=no
	render_under_water=no
	generated_content=yes
	layer="mines_dynamic"
	pdxmesh="african_mining_coaldepo_01_mesh"
	count=0
}
object={
	name="african_dynamic_mining_objects_generator_1_1"
	clamp_to_water_level=no
	render_under_water=no
	generated_content=yes
	layer="mines_dynamic"
	pdxmesh="generic_rural_mining_coaldepo_02_mesh"
<<<<<<< HEAD
	count=0
}
=======
	count=710
	transform="3828.365479 0.000000 1733.797485 0.000000 0.911073 0.000000 -0.412244 0.000000 0.000000 0.000000
3837.658936 0.000000 1729.847046 0.000000 0.952586 0.000000 -0.304270 0.000000 0.000000 0.000000
3823.145508 0.000000 1769.163452 0.000000 0.999173 0.000000 0.040658 0.000000 0.000000 0.000000
3836.832764 0.000000 1783.337402 0.000000 0.999562 0.000000 0.029596 0.000000 0.000000 0.000000
3832.473389 0.000000 1759.146362 0.000000 0.848534 0.000000 -0.529140 1.000000 1.000000 1.000000
3894.864258 0.000000 1693.045532 0.000000 0.999936 0.000000 -0.011331 0.000000 0.000000 0.000000
3885.386719 0.000000 1692.753906 0.000000 0.997954 0.000000 0.063934 0.000000 0.000000 0.000000
3898.504395 0.000000 1661.805786 0.000000 0.958885 0.000000 -0.283796 0.000000 0.000000 0.000000
3890.798096 0.000000 1674.728027 0.000000 0.966198 0.000000 0.257800 0.000000 0.000000 0.000000
3901.738281 0.000000 1666.296021 0.000000 0.960102 0.000000 -0.279649 1.000000 1.000000 1.000000
3883.659912 0.000000 1674.226562 0.000000 0.984111 0.000000 -0.177556 1.000000 1.000000 1.000000
3855.130859 0.000000 1733.903076 0.000000 0.992221 0.000000 -0.124487 0.000000 0.000000 0.000000
3886.042969 0.000000 1700.385864 0.000000 0.970712 0.000000 0.240246 0.000000 0.000000 0.000000
3840.894775 0.000000 1724.831421 0.000000 0.960347 0.000000 -0.278806 0.000000 0.000000 0.000000
3846.508057 0.000000 1746.622437 0.000000 0.999904 0.000000 -0.013837 0.000000 0.000000 0.000000
3846.056885 0.000000 1739.468994 0.000000 0.879786 0.000000 0.475370 0.000000 0.000000 0.000000
3856.244385 0.000000 1723.729126 0.000000 0.999512 0.000000 -0.031242 0.000000 0.000000 0.000000
3860.984863 0.000000 1731.729248 0.000000 0.907665 0.000000 -0.419695 0.000000 0.000000 0.000000
3930.073975 0.000000 1725.047729 0.000000 0.998925 0.000000 -0.046364 0.000000 0.000000 0.000000
3933.020508 0.000000 1707.361572 0.000000 0.948586 0.000000 -0.316520 0.000000 0.000000 0.000000
3929.917236 0.000000 1739.297485 0.000000 0.944530 0.000000 -0.328424 1.000000 1.000000 1.000000
3940.759766 0.000000 1715.907471 0.000000 0.979401 0.000000 -0.201926 0.000000 0.000000 0.000000
3932.947998 0.000000 1724.603027 0.000000 0.995627 0.000000 0.093415 1.000000 1.000000 1.000000
3929.283936 0.000000 1716.149048 0.000000 0.967020 0.000000 -0.254700 1.000000 1.000000 1.000000
3920.716797 0.000000 1726.629028 0.000000 0.987368 0.000000 0.158441 1.000000 1.000000 1.000000
3938.111328 0.000000 1726.146484 0.000000 0.982833 0.000000 0.184495 1.000000 1.000000 1.000000
3932.928223 0.000000 1712.411377 0.000000 0.970789 0.000000 -0.239934 0.000000 0.000000 0.000000
3927.935547 0.000000 1731.586426 0.000000 0.892264 0.000000 -0.451514 1.000000 1.000000 1.000000
3851.487061 0.000000 1759.575195 0.000000 0.995145 0.000000 0.098424 1.000000 1.000000 1.000000
3856.186279 0.000000 1770.166870 0.000000 0.990087 0.000000 0.140454 1.000000 1.000000 1.000000
3846.395264 0.000000 1781.071289 0.000000 0.945505 0.000000 -0.325606 0.000000 0.000000 0.000000
3857.436523 0.000000 1774.884644 0.000000 0.933339 0.000000 -0.358995 0.000000 0.000000 0.000000
3862.077637 0.000000 1768.190308 0.000000 0.989098 0.000000 0.147261 0.000000 0.000000 0.000000
3854.686768 0.000000 1765.607056 0.000000 0.826475 0.000000 0.562973 1.000000 1.000000 1.000000
3848.173828 0.000000 1773.281982 0.000000 0.858172 0.000000 -0.513361 1.000000 1.000000 1.000000
3851.442871 0.000000 1768.824219 0.000000 0.823421 0.000000 -0.567432 1.000000 1.000000 1.000000
3939.689941 0.000000 1802.617310 0.000000 0.844638 0.000000 0.535338 1.000000 1.000000 1.000000
3935.328613 0.000000 1801.337524 0.000000 0.868379 0.000000 -0.495902 0.000000 0.000000 0.000000
4015.537109 0.000000 1721.659668 0.000000 0.985656 0.000000 0.168770 0.000000 0.000000 0.000000
4027.001221 0.000000 1732.332275 0.000000 0.997805 0.000000 0.066223 1.000000 1.000000 1.000000
4029.638184 0.000000 1714.254517 0.000000 0.999338 0.000000 0.036388 0.000000 0.000000 0.000000
4021.633789 0.000000 1731.588501 0.000000 0.999952 0.000000 0.009795 1.000000 1.000000 1.000000
4032.255127 0.000000 1741.672119 0.000000 0.962869 0.000000 -0.269967 0.000000 0.000000 0.000000
4080.918701 0.000000 1709.517456 0.000000 0.999510 0.000000 -0.031302 0.000000 0.000000 0.000000
4087.819336 0.000000 1713.362183 0.000000 0.825135 0.000000 -0.564936 1.000000 1.000000 1.000000
4044.526855 0.000000 1717.577026 0.000000 0.955643 0.000000 0.294526 0.000000 0.000000 0.000000
4083.016113 0.000000 1715.382324 0.000000 0.826620 0.000000 0.562761 1.000000 1.000000 1.000000
4070.581055 0.000000 1729.655640 0.000000 0.938134 0.000000 -0.346273 0.000000 0.000000 0.000000
4085.519043 0.000000 1721.156616 0.000000 0.927701 0.000000 0.373323 0.000000 0.000000 0.000000
4077.942871 0.000000 1716.472168 0.000000 0.943573 0.000000 0.331164 0.000000 0.000000 0.000000
4081.394043 0.000000 1719.860962 0.000000 0.879544 0.000000 -0.475818 0.000000 0.000000 0.000000
4093.638184 0.000000 1714.254517 0.000000 0.955196 0.000000 -0.295973 1.000000 1.000000 1.000000
4084.014648 0.000000 1759.858887 0.000000 0.978247 0.000000 -0.207442 0.000000 0.000000 0.000000
4038.508057 0.000000 1803.106812 0.000000 0.892098 0.000000 0.451842 1.000000 1.000000 1.000000
4055.191895 0.000000 1796.906250 0.000000 0.891873 0.000000 -0.452286 0.000000 0.000000 0.000000
4039.213623 0.000000 1789.215698 0.000000 0.961878 0.000000 -0.273480 0.000000 0.000000 0.000000
4085.566895 0.000000 1763.477905 0.000000 0.997360 0.000000 -0.072618 1.000000 1.000000 1.000000
4092.013184 0.000000 1765.880371 0.000000 0.838210 0.000000 -0.545347 1.000000 1.000000 1.000000
4088.473389 0.000000 1759.146362 0.000000 0.989659 0.000000 0.143443 1.000000 1.000000 1.000000
4046.650879 0.000000 1801.356445 0.000000 0.915172 0.000000 -0.403063 0.000000 0.000000 0.000000
4093.638184 0.000000 1770.738892 0.000000 0.920424 0.000000 0.390921 0.000000 0.000000 0.000000
4036.384766 0.000000 1801.788330 0.000000 0.867603 0.000000 -0.497258 1.000000 1.000000 1.000000
4055.935547 0.000000 1788.070801 0.000000 0.842733 0.000000 0.538331 1.000000 1.000000 1.000000
3728.971924 0.000000 1856.677002 0.000000 0.999869 0.000000 -0.016215 0.000000 0.000000 0.000000
3735.836426 0.000000 1858.112915 0.000000 0.948529 0.000000 0.316690 0.000000 0.000000 0.000000
3724.457520 0.000000 1859.275879 0.000000 0.988002 0.000000 -0.154443 0.000000 0.000000 0.000000
3772.832764 0.000000 1839.821777 0.000000 0.951622 0.000000 0.307270 1.000000 1.000000 1.000000
3721.278076 0.000000 1857.583618 0.000000 0.991915 0.000000 -0.126908 0.000000 0.000000 0.000000
3722.072266 0.000000 1863.671997 0.000000 0.874795 0.000000 -0.484493 0.000000 0.000000 0.000000
3719.437256 0.000000 1862.543579 0.000000 0.999229 0.000000 -0.039254 1.000000 1.000000 1.000000
3770.637451 0.000000 1834.433716 0.000000 0.996238 0.000000 -0.086656 1.000000 1.000000 1.000000
3773.738281 0.000000 1835.749146 0.000000 0.972773 0.000000 -0.231761 1.000000 1.000000 1.000000
3768.742188 0.000000 1837.393921 0.000000 0.925323 0.000000 0.379180 1.000000 1.000000 1.000000
3790.875732 0.000000 1852.262085 0.000000 0.851468 0.000000 0.524407 0.000000 0.000000 0.000000
3776.513916 0.000000 1823.580811 0.000000 0.986255 0.000000 0.165229 0.000000 0.000000 0.000000
3776.936035 0.000000 1830.109497 0.000000 0.860698 0.000000 0.509115 0.000000 0.000000 0.000000
3783.213623 0.000000 1845.700073 0.000000 0.917225 0.000000 0.398370 1.000000 1.000000 1.000000
3782.395264 0.000000 1837.555664 0.000000 0.902161 0.000000 -0.431400 0.000000 0.000000 0.000000
3778.822754 0.000000 1841.468140 0.000000 0.953560 0.000000 -0.301203 1.000000 1.000000 1.000000
3788.721436 0.000000 1845.824829 0.000000 0.888960 0.000000 -0.457985 0.000000 0.000000 0.000000
3778.310791 0.000000 1844.111084 0.000000 0.895203 0.000000 -0.445659 1.000000 1.000000 1.000000
3791.869873 0.000000 1844.322876 0.000000 0.966185 0.000000 -0.257850 1.000000 1.000000 1.000000
3789.872314 0.000000 1835.902466 0.000000 0.991597 0.000000 0.129362 1.000000 1.000000 1.000000
3925.668701 0.000000 1817.288940 0.000000 0.943338 0.000000 0.331834 0.000000 0.000000 0.000000
3946.673340 0.000000 1807.643921 0.000000 0.918409 0.000000 -0.395633 0.000000 0.000000 0.000000
3945.677002 0.000000 1825.567017 0.000000 0.971738 0.000000 0.236061 0.000000 0.000000 0.000000
3912.667480 0.000000 1812.279175 0.000000 0.990158 0.000000 0.139951 0.000000 0.000000 0.000000
3916.112305 0.000000 1822.406738 0.000000 0.989083 0.000000 0.147361 1.000000 1.000000 1.000000
3921.664795 0.000000 1814.156006 0.000000 0.890215 0.000000 -0.455541 0.000000 0.000000 0.000000
3934.961914 0.000000 1808.461304 0.000000 0.935747 0.000000 0.352672 1.000000 1.000000 1.000000
3928.795410 0.000000 1835.412231 0.000000 0.896662 0.000000 -0.442715 1.000000 1.000000 1.000000
3939.200439 0.000000 1820.296997 0.000000 0.849709 0.000000 0.527252 0.000000 0.000000 0.000000
3920.244385 0.000000 1836.697876 0.000000 0.957566 0.000000 0.288213 0.000000 0.000000 0.000000
3931.635498 0.000000 1830.550415 0.000000 0.999955 0.000000 -0.009520 1.000000 1.000000 1.000000
3920.186279 0.000000 1826.651245 0.000000 0.879137 0.000000 -0.476568 1.000000 1.000000 1.000000
3927.407959 0.000000 1819.338135 0.000000 0.833716 0.000000 -0.552194 0.000000 0.000000 0.000000
3942.824463 0.000000 1812.737915 0.000000 0.994401 0.000000 -0.105676 1.000000 1.000000 1.000000
3937.411865 0.000000 1822.457153 0.000000 0.999651 0.000000 0.026404 1.000000 1.000000 1.000000
3932.928223 0.000000 1825.380127 0.000000 0.956350 0.000000 0.292224 0.000000 0.000000 0.000000
4015.663086 0.000000 1817.511841 0.000000 0.973179 0.000000 0.230050 0.000000 0.000000 0.000000
3993.661133 0.000000 1810.566162 0.000000 0.827687 0.000000 0.561190 0.000000 0.000000 0.000000
4009.677002 0.000000 1825.567017 0.000000 0.998161 0.000000 0.060626 1.000000 1.000000 1.000000
4012.194824 0.000000 1819.577393 0.000000 0.993241 0.000000 0.116067 1.000000 1.000000 1.000000
3998.952637 0.000000 1827.012329 0.000000 0.874686 0.000000 0.484690 1.000000 1.000000 1.000000
4006.469482 0.000000 1834.093994 0.000000 0.999774 0.000000 0.021277 0.000000 0.000000 0.000000
4012.352051 0.000000 1824.761108 0.000000 0.833878 0.000000 -0.551948 0.000000 0.000000 0.000000
4011.095459 0.000000 1821.818604 0.000000 0.934347 0.000000 -0.356363 1.000000 1.000000 1.000000
4036.948486 0.000000 1807.615112 0.000000 0.926656 0.000000 0.375911 0.000000 0.000000 0.000000
4032.042236 0.000000 1807.507324 0.000000 0.965669 0.000000 -0.259775 0.000000 0.000000 0.000000
4016.024170 0.000000 1916.519409 0.000000 0.984854 0.000000 -0.173385 0.000000 0.000000 0.000000
4021.861084 0.000000 1912.050781 0.000000 0.986311 0.000000 0.164895 0.000000 0.000000 0.000000
4031.976562 0.000000 1914.599731 0.000000 0.843873 0.000000 -0.536543 0.000000 0.000000 0.000000
4030.390625 0.000000 1919.744873 0.000000 0.883539 0.000000 0.468357 1.000000 1.000000 1.000000
4018.318359 0.000000 1920.674683 0.000000 0.998574 0.000000 0.053384 0.000000 0.000000 0.000000
4025.460693 0.000000 1920.572021 0.000000 0.979230 0.000000 -0.202753 0.000000 0.000000 0.000000
4011.690186 0.000000 1924.032715 0.000000 0.941211 0.000000 0.337820 0.000000 0.000000 0.000000
4034.356934 0.000000 1925.366943 0.000000 0.956182 0.000000 0.292773 0.000000 0.000000 0.000000
4032.042236 0.000000 1920.476074 0.000000 0.833821 0.000000 0.552035 0.000000 0.000000 0.000000
4607.697754 0.000000 779.020996 0.000000 0.880504 0.000000 -0.474038 1.000000 1.000000 1.000000
4533.013672 0.000000 825.427612 0.000000 0.959822 0.000000 0.280609 0.000000 0.000000 0.000000
4531.759277 0.000000 822.146118 0.000000 0.994818 0.000000 -0.101671 0.000000 0.000000 0.000000
4538.462402 0.000000 807.851318 0.000000 0.913366 0.000000 -0.407140 1.000000 1.000000 1.000000
4524.352051 0.000000 808.042358 0.000000 0.844116 0.000000 -0.536160 1.000000 1.000000 1.000000
4540.013184 0.000000 805.645996 0.000000 0.936497 0.000000 0.350676 0.000000 0.000000 0.000000
4506.979980 0.000000 889.098450 0.000000 0.829767 0.000000 0.558111 0.000000 0.000000 0.000000
4503.890625 0.000000 866.323303 0.000000 0.833009 0.000000 -0.553259 0.000000 0.000000 0.000000
4500.089355 0.000000 892.082520 0.000000 0.891971 0.000000 0.452093 0.000000 0.000000 0.000000
4511.826172 0.000000 855.388000 0.000000 0.975437 0.000000 -0.220277 0.000000 0.000000 0.000000
4506.364746 0.000000 872.826965 0.000000 0.825513 0.000000 0.564383 0.000000 0.000000 0.000000
4505.237793 0.000000 853.424500 0.000000 0.976966 0.000000 -0.213395 0.000000 0.000000 0.000000
4503.371094 0.000000 890.279541 0.000000 0.867496 0.000000 0.497443 0.000000 0.000000 0.000000
4503.293457 0.000000 870.830383 0.000000 0.999738 0.000000 -0.022890 0.000000 0.000000 0.000000
4508.431641 0.000000 854.773499 0.000000 0.929707 0.000000 -0.368299 0.000000 0.000000 0.000000
4495.197266 0.000000 858.898376 0.000000 0.930252 0.000000 -0.366922 0.000000 0.000000 0.000000
4518.581055 0.000000 882.390076 0.000000 0.976804 0.000000 0.214134 0.000000 0.000000 0.000000
4496.186523 0.000000 866.416870 0.000000 0.999831 0.000000 -0.018386 1.000000 1.000000 1.000000
4638.236816 0.000000 786.826782 0.000000 0.993827 0.000000 0.110938 0.000000 0.000000 0.000000
4634.709961 0.000000 771.336792 0.000000 0.917862 0.000000 0.396899 0.000000 0.000000 0.000000
4608.156738 0.000000 789.197083 0.000000 0.838543 0.000000 -0.544835 0.000000 0.000000 0.000000
4642.735840 0.000000 773.949951 0.000000 0.873581 0.000000 -0.486679 0.000000 0.000000 0.000000
4626.230469 0.000000 772.332397 0.000000 0.994819 0.000000 0.101663 1.000000 1.000000 1.000000
4611.510742 0.000000 781.224854 0.000000 0.986383 0.000000 0.164464 0.000000 0.000000 0.000000
4625.722656 0.000000 786.474182 0.000000 0.888705 0.000000 0.458480 0.000000 0.000000 0.000000
4614.057129 0.000000 779.234619 0.000000 0.997283 0.000000 -0.073672 1.000000 1.000000 1.000000
4636.380371 0.000000 789.147217 0.000000 0.996475 0.000000 0.083888 0.000000 0.000000 0.000000
4620.083496 0.000000 779.810730 0.000000 0.835303 0.000000 -0.549790 0.000000 0.000000 0.000000
4615.213379 0.000000 772.496948 0.000000 0.981382 0.000000 -0.192065 1.000000 1.000000 1.000000
4620.375000 0.000000 788.964722 0.000000 0.959614 0.000000 0.281319 0.000000 0.000000 0.000000
4618.235840 0.000000 777.981079 0.000000 0.997929 0.000000 -0.064320 1.000000 1.000000 1.000000
4612.384766 0.000000 785.069519 0.000000 0.998304 0.000000 -0.058214 0.000000 0.000000 0.000000
4610.575684 0.000000 775.423950 0.000000 0.852344 0.000000 -0.522981 1.000000 1.000000 1.000000
4635.698730 0.000000 780.796204 0.000000 0.992508 0.000000 -0.122180 1.000000 1.000000 1.000000
4610.311035 0.000000 770.907959 0.000000 0.883717 0.000000 0.468022 0.000000 0.000000 0.000000
4732.013184 0.000000 749.161621 0.000000 0.980547 0.000000 -0.196283 0.000000 0.000000 0.000000
4712.763184 0.000000 805.903442 0.000000 0.955468 0.000000 -0.295095 0.000000 0.000000 0.000000
4690.190430 0.000000 800.303406 0.000000 0.952707 0.000000 0.303890 0.000000 0.000000 0.000000
4701.020508 0.000000 803.611633 0.000000 0.862488 0.000000 0.506077 0.000000 0.000000 0.000000
4692.094727 0.000000 806.182129 0.000000 0.993889 0.000000 0.110388 0.000000 0.000000 0.000000
4710.337891 0.000000 804.517395 0.000000 0.918491 0.000000 0.395443 1.000000 1.000000 1.000000
4707.200195 0.000000 803.578247 0.000000 0.910477 0.000000 -0.413559 0.000000 0.000000 0.000000
4697.706543 0.000000 804.420593 0.000000 0.881946 0.000000 0.471350 1.000000 1.000000 1.000000
4709.463867 0.000000 798.386597 0.000000 0.992280 0.000000 0.124015 1.000000 1.000000 1.000000
4776.974609 0.000000 858.787170 0.000000 0.881739 0.000000 -0.471738 0.000000 0.000000 0.000000
4780.352051 0.000000 864.526733 0.000000 0.916706 0.000000 -0.399562 0.000000 0.000000 0.000000
4521.204590 0.000000 996.795715 0.000000 0.851372 0.000000 -0.524563 0.000000 0.000000 0.000000
4509.020508 0.000000 973.064758 0.000000 0.901981 0.000000 0.431777 0.000000 0.000000 0.000000
4521.967773 0.000000 990.052307 0.000000 0.898367 0.000000 -0.439247 1.000000 1.000000 1.000000
4510.952637 0.000000 979.746704 0.000000 0.971534 0.000000 -0.236899 1.000000 1.000000 1.000000
4518.469727 0.000000 986.828430 0.000000 0.999597 0.000000 0.028400 0.000000 0.000000 0.000000
4526.693848 0.000000 992.293030 0.000000 0.923624 0.000000 0.383300 0.000000 0.000000 0.000000
4410.544434 0.000000 1226.594971 0.000000 0.994244 0.000000 -0.107138 0.000000 0.000000 0.000000
4410.305176 0.000000 1230.153320 0.000000 0.965871 0.000000 0.259022 0.000000 0.000000 0.000000
4510.953613 0.000000 1298.908813 0.000000 0.999846 0.000000 0.017547 0.000000 0.000000 0.000000
4503.890625 0.000000 1318.198364 0.000000 0.913467 0.000000 0.406913 0.000000 0.000000 0.000000
4498.817383 0.000000 1329.584473 0.000000 0.999407 0.000000 -0.034446 0.000000 0.000000 0.000000
4499.771973 0.000000 1321.766113 0.000000 0.923861 0.000000 -0.382729 0.000000 0.000000 0.000000
4514.015137 0.000000 1319.636108 0.000000 0.943690 0.000000 -0.330830 0.000000 0.000000 0.000000
4513.099609 0.000000 1333.090332 0.000000 0.999828 0.000000 0.018524 0.000000 0.000000 0.000000
4521.676758 0.000000 1317.207642 0.000000 0.988518 0.000000 -0.151104 0.000000 0.000000 0.000000
4518.337891 0.000000 1312.876831 0.000000 0.877770 0.000000 -0.479083 0.000000 0.000000 0.000000
4518.385742 0.000000 1315.985596 0.000000 0.999964 0.000000 0.008503 0.000000 0.000000 0.000000
4714.288574 0.000000 926.897827 0.000000 0.920756 0.000000 0.390139 0.000000 0.000000 0.000000
4724.463867 0.000000 918.831848 0.000000 0.999233 0.000000 0.039169 0.000000 0.000000 0.000000
4714.835938 0.000000 909.756287 0.000000 0.992489 0.000000 0.122336 0.000000 0.000000 0.000000
4731.100586 0.000000 913.842712 0.000000 0.985417 0.000000 0.170156 1.000000 1.000000 1.000000
4730.504395 0.000000 927.508850 0.000000 0.889409 0.000000 0.457112 0.000000 0.000000 0.000000
4725.566895 0.000000 916.212219 0.000000 0.900422 0.000000 -0.435018 0.000000 0.000000 0.000000
4734.582031 0.000000 918.617065 0.000000 0.956257 0.000000 -0.292527 1.000000 1.000000 1.000000
4708.759766 0.000000 981.610596 0.000000 0.946021 0.000000 -0.324106 1.000000 1.000000 1.000000
4716.352051 0.000000 977.495483 0.000000 0.997935 0.000000 0.064230 0.000000 0.000000 0.000000
4697.283691 0.000000 981.852112 0.000000 0.919482 0.000000 0.393132 0.000000 0.000000 0.000000
4705.491699 0.000000 966.129639 0.000000 0.993335 0.000000 0.115262 0.000000 0.000000 0.000000
4710.385742 0.000000 977.079407 0.000000 0.986905 0.000000 -0.161301 1.000000 1.000000 1.000000
4695.339844 0.000000 992.641846 0.000000 0.997947 0.000000 0.064047 1.000000 1.000000 1.000000
4739.820801 0.000000 917.555359 0.000000 0.996785 0.000000 0.080121 0.000000 0.000000 0.000000
4763.595215 0.000000 1067.242432 0.000000 0.997480 0.000000 0.070950 0.000000 0.000000 0.000000
4781.386719 0.000000 1071.425781 0.000000 0.995810 0.000000 -0.091444 0.000000 0.000000 0.000000
4764.380371 0.000000 1071.569092 0.000000 0.930870 0.000000 0.365350 0.000000 0.000000 0.000000
4769.062500 0.000000 1068.792725 0.000000 0.949848 0.000000 0.312713 0.000000 0.000000 0.000000
4779.601562 0.000000 1069.618774 0.000000 0.891620 0.000000 -0.452785 1.000000 1.000000 1.000000
4855.107910 0.000000 1061.920044 0.000000 0.983080 0.000000 0.183177 0.000000 0.000000 0.000000
4851.402344 0.000000 1070.686035 0.000000 0.935688 0.000000 -0.352827 0.000000 0.000000 0.000000
4855.062500 0.000000 1067.736206 0.000000 0.919753 0.000000 -0.392498 1.000000 1.000000 1.000000
4863.976562 0.000000 1067.334106 0.000000 0.885011 0.000000 -0.465570 1.000000 1.000000 1.000000
4778.288574 0.000000 1096.350952 0.000000 0.907773 0.000000 -0.419462 0.000000 0.000000 0.000000
4774.824707 0.000000 1078.441040 0.000000 0.971752 0.000000 0.236006 0.000000 0.000000 0.000000
4850.318359 0.000000 1073.409058 0.000000 0.853671 0.000000 -0.520813 0.000000 0.000000 0.000000
4870.507812 0.000000 1068.809937 0.000000 0.943531 0.000000 -0.331283 1.000000 1.000000 1.000000
4867.510742 0.000000 1063.646729 0.000000 0.999837 0.000000 -0.018074 1.000000 1.000000 1.000000
4875.616211 0.000000 1046.059937 0.000000 0.967055 0.000000 -0.254568 0.000000 0.000000 0.000000
4870.395508 0.000000 1046.774414 0.000000 0.990979 0.000000 -0.134014 0.000000 0.000000 0.000000
4868.384766 0.000000 1067.491455 0.000000 0.973226 0.000000 0.229849 1.000000 1.000000 1.000000
4866.575684 0.000000 1057.845825 0.000000 0.985367 0.000000 -0.170447 1.000000 1.000000 1.000000
4866.311035 0.000000 1053.329834 0.000000 0.839322 0.000000 -0.543635 1.000000 1.000000 1.000000
4865.118652 0.000000 1061.448853 0.000000 0.942131 0.000000 0.335246 1.000000 1.000000 1.000000
4724.463867 0.000000 1201.253662 0.000000 0.963076 0.000000 0.269228 0.000000 0.000000 0.000000
4723.016113 0.000000 1207.022949 0.000000 0.961875 0.000000 0.273489 1.000000 1.000000 1.000000
4730.504395 0.000000 1209.930786 0.000000 0.999833 0.000000 0.018249 1.000000 1.000000 1.000000
4847.722656 0.000000 1174.007202 0.000000 0.848631 0.000000 -0.528986 0.000000 0.000000 0.000000
4844.662598 0.000000 1180.267700 0.000000 0.927910 0.000000 0.372805 0.000000 0.000000 0.000000
4854.864258 0.000000 1184.686157 0.000000 0.825891 0.000000 -0.563830 0.000000 0.000000 0.000000
4856.315430 0.000000 1166.696533 0.000000 0.920642 0.000000 0.390408 0.000000 0.000000 0.000000
4851.213867 0.000000 1175.944702 0.000000 0.955046 0.000000 0.296459 0.000000 0.000000 0.000000
4847.868652 0.000000 1178.098511 0.000000 0.926180 0.000000 0.377082 0.000000 0.000000 0.000000
4833.910645 0.000000 1172.010376 0.000000 0.987604 0.000000 0.156969 0.000000 0.000000 0.000000
4747.406250 0.000000 1219.242676 0.000000 0.924223 0.000000 0.381853 0.000000 0.000000 0.000000
4736.936035 0.000000 1208.781372 0.000000 0.994978 0.000000 -0.100091 1.000000 1.000000 1.000000
4750.389160 0.000000 1219.556641 0.000000 0.997261 0.000000 -0.073957 1.000000 1.000000 1.000000
4749.872070 0.000000 1214.574341 0.000000 0.872715 0.000000 0.488230 0.000000 0.000000 0.000000
4858.385254 0.000000 1188.763916 0.000000 0.894234 0.000000 -0.447601 0.000000 0.000000 0.000000
4669.524414 0.000000 1259.725952 0.000000 0.921275 0.000000 -0.388911 0.000000 0.000000 0.000000
4648.015625 0.000000 1250.284790 0.000000 0.866720 0.000000 -0.498794 0.000000 0.000000 0.000000
4654.042969 0.000000 1248.510864 0.000000 0.999871 0.000000 -0.016058 0.000000 0.000000 0.000000
4666.462402 0.000000 1259.726318 0.000000 0.988859 0.000000 -0.148857 0.000000 0.000000 0.000000
4657.394043 0.000000 1267.985962 0.000000 0.875924 0.000000 0.482450 0.000000 0.000000 0.000000
4678.424805 0.000000 1263.016357 0.000000 0.999601 0.000000 0.028247 0.000000 0.000000 0.000000
4678.363770 0.000000 1252.168945 0.000000 0.955671 0.000000 -0.294438 1.000000 1.000000 1.000000
4623.130859 0.000000 1338.512451 0.000000 0.981151 0.000000 -0.193241 0.000000 0.000000 0.000000
4622.953125 0.000000 1353.112305 0.000000 0.999049 0.000000 0.043602 0.000000 0.000000 0.000000
4621.506836 0.000000 1334.955078 0.000000 0.841088 0.000000 0.540898 0.000000 0.000000 0.000000
4655.868652 0.000000 1347.551636 0.000000 0.999303 0.000000 -0.037322 0.000000 0.000000 0.000000
4638.953613 0.000000 1355.393188 0.000000 0.877855 0.000000 -0.478926 0.000000 0.000000 0.000000
4640.449219 0.000000 1325.135986 0.000000 0.952737 0.000000 0.303797 1.000000 1.000000 1.000000
4637.422852 0.000000 1337.692505 0.000000 0.895561 0.000000 0.444939 1.000000 1.000000 1.000000
4641.448730 0.000000 1322.437378 0.000000 0.971508 0.000000 -0.237008 0.000000 0.000000 0.000000
4631.191895 0.000000 1345.031250 0.000000 0.970541 0.000000 -0.240936 0.000000 0.000000 0.000000
4641.062500 0.000000 1351.214600 0.000000 0.993868 0.000000 -0.110577 1.000000 1.000000 1.000000
4641.910645 0.000000 1341.463501 0.000000 0.934352 0.000000 0.356351 1.000000 1.000000 1.000000
4642.111328 0.000000 1330.755859 0.000000 0.998740 0.000000 -0.050193 1.000000 1.000000 1.000000
4628.436035 0.000000 1341.412476 0.000000 0.992701 0.000000 -0.120600 1.000000 1.000000 1.000000
4631.935547 0.000000 1336.195801 0.000000 0.964598 0.000000 0.263725 1.000000 1.000000 1.000000
4816.971680 0.000000 1291.833252 0.000000 0.949759 0.000000 -0.312982 0.000000 0.000000 0.000000
4806.507812 0.000000 1294.747437 0.000000 0.924685 0.000000 -0.380732 0.000000 0.000000 0.000000
4809.278320 0.000000 1292.739868 0.000000 0.930512 0.000000 0.366261 0.000000 0.000000 0.000000
4817.722656 0.000000 1294.833618 0.000000 0.994110 0.000000 -0.108377 0.000000 0.000000 0.000000
4817.360840 0.000000 1288.816650 0.000000 0.946681 0.000000 -0.322173 0.000000 0.000000 0.000000
4798.624512 0.000000 1307.960815 0.000000 0.849423 0.000000 0.527713 0.000000 0.000000 0.000000
4812.978516 0.000000 1299.876587 0.000000 0.916747 0.000000 0.399468 0.000000 0.000000 0.000000
4808.407715 0.000000 1306.953003 0.000000 0.959073 0.000000 -0.283160 0.000000 0.000000 0.000000
4826.987305 0.000000 1299.229370 0.000000 0.874424 0.000000 -0.485163 0.000000 0.000000 0.000000
4825.661133 0.000000 1302.206787 0.000000 0.898749 0.000000 -0.438463 0.000000 0.000000 0.000000
4894.236816 0.000000 1182.217407 0.000000 0.885364 0.000000 0.464898 0.000000 0.000000 0.000000
4890.122559 0.000000 1140.495850 0.000000 0.995284 0.000000 -0.097006 0.000000 0.000000 0.000000
4900.276367 0.000000 1162.934204 0.000000 0.877243 0.000000 -0.480046 0.000000 0.000000 0.000000
4894.060547 0.000000 1177.842407 0.000000 0.960696 0.000000 0.277602 0.000000 0.000000 0.000000
4901.098633 0.000000 1172.558472 0.000000 0.856203 0.000000 -0.516640 0.000000 0.000000 0.000000
4902.889160 0.000000 1153.127075 0.000000 0.994390 0.000000 -0.105779 0.000000 0.000000 0.000000
4893.392090 0.000000 1174.360962 0.000000 0.980156 0.000000 -0.198227 0.000000 0.000000 0.000000
4899.666992 0.000000 1166.173706 0.000000 0.978523 0.000000 -0.206139 0.000000 0.000000 0.000000
4897.099609 0.000000 1163.637207 0.000000 0.953919 0.000000 -0.300065 1.000000 1.000000 1.000000
4876.526855 0.000000 1152.733276 0.000000 0.924731 0.000000 0.380622 0.000000 0.000000 0.000000
4884.094727 0.000000 1145.088379 0.000000 0.863671 0.000000 -0.504056 1.000000 1.000000 1.000000
4889.706543 0.000000 1143.326904 0.000000 0.951777 0.000000 0.306792 0.000000 0.000000 0.000000
4908.127930 0.000000 1157.128784 0.000000 0.862976 0.000000 0.505245 1.000000 1.000000 1.000000
4897.910645 0.000000 1172.010376 0.000000 0.977104 0.000000 0.212764 0.000000 0.000000 0.000000
4913.394043 0.000000 1155.017212 0.000000 0.998324 0.000000 -0.057869 0.000000 0.000000 0.000000
4883.640625 0.000000 1154.999268 0.000000 0.915650 0.000000 -0.401976 0.000000 0.000000 0.000000
4910.693848 0.000000 1161.746094 0.000000 0.999994 0.000000 0.003458 1.000000 1.000000 1.000000
4872.614258 0.000000 1312.669434 0.000000 0.945496 0.000000 0.325633 0.000000 0.000000 0.000000
4871.408691 0.000000 1316.978149 0.000000 0.908113 0.000000 0.418725 0.000000 0.000000 0.000000
4875.442871 0.000000 1316.949219 0.000000 0.882199 0.000000 -0.470876 0.000000 0.000000 0.000000
4347.981445 0.000000 1467.328613 0.000000 0.994694 0.000000 0.102873 0.000000 0.000000 0.000000
4333.516602 0.000000 1483.327026 0.000000 0.893497 0.000000 0.449070 0.000000 0.000000 0.000000
4340.463867 0.000000 1483.675537 0.000000 0.985726 0.000000 -0.168356 0.000000 0.000000 0.000000
4347.100586 0.000000 1478.686523 0.000000 0.948455 0.000000 0.316911 0.000000 0.000000 0.000000
4346.462402 0.000000 1485.663818 0.000000 0.873599 0.000000 -0.486647 1.000000 1.000000 1.000000
4343.819336 0.000000 1487.424683 0.000000 0.998570 0.000000 0.053456 1.000000 1.000000 1.000000
4349.738281 0.000000 1496.842896 0.000000 0.883197 0.000000 0.469003 0.000000 0.000000 0.000000
4348.013184 0.000000 1483.458496 0.000000 0.926386 0.000000 0.376575 1.000000 1.000000 1.000000
4345.460938 0.000000 1468.697021 0.000000 0.995983 0.000000 -0.089544 1.000000 1.000000 1.000000
4349.638184 0.000000 1488.317017 0.000000 0.908463 0.000000 -0.417965 0.000000 0.000000 0.000000
4350.582031 0.000000 1483.460815 0.000000 0.984504 0.000000 0.175360 1.000000 1.000000 1.000000
4349.251953 0.000000 1475.408325 0.000000 0.842311 0.000000 0.538991 1.000000 1.000000 1.000000
4447.453613 0.000000 1372.355103 0.000000 0.892812 0.000000 0.450429 0.000000 0.000000 0.000000
4442.364746 0.000000 1381.186279 0.000000 0.989363 0.000000 -0.145467 0.000000 0.000000 0.000000
4448.426758 0.000000 1368.062866 0.000000 0.995135 0.000000 -0.098520 0.000000 0.000000 0.000000
4454.686523 0.000000 1355.930786 0.000000 0.889964 0.000000 0.456031 0.000000 0.000000 0.000000
4463.663086 0.000000 1365.636841 0.000000 0.851899 0.000000 -0.523706 0.000000 0.000000 0.000000
4420.957520 0.000000 1395.472046 0.000000 0.951815 0.000000 -0.306673 0.000000 0.000000 0.000000
4456.974609 0.000000 1367.146606 0.000000 0.999423 0.000000 0.033960 0.000000 0.000000 0.000000
4451.104004 0.000000 1364.167114 0.000000 0.937524 0.000000 0.347919 0.000000 0.000000 0.000000
4418.356934 0.000000 1360.523193 0.000000 0.959865 0.000000 -0.280463 0.000000 0.000000 0.000000
4425.084961 0.000000 1366.442871 0.000000 0.836922 0.000000 0.547322 0.000000 0.000000 0.000000
4425.604492 0.000000 1383.079346 0.000000 0.985091 0.000000 0.172033 1.000000 1.000000 1.000000
4446.952637 0.000000 1375.137329 0.000000 0.905132 0.000000 -0.425131 0.000000 0.000000 0.000000
4432.244141 0.000000 1384.822876 0.000000 0.828729 0.000000 0.559650 1.000000 1.000000 1.000000
4417.451660 0.000000 1365.017456 0.000000 0.972973 0.000000 0.230917 0.000000 0.000000 0.000000
4454.824707 0.000000 1360.862915 0.000000 0.940818 0.000000 -0.338911 0.000000 0.000000 0.000000
4432.716797 0.000000 1387.722778 0.000000 0.991647 0.000000 -0.128979 1.000000 1.000000 1.000000
4449.412109 0.000000 1370.582153 0.000000 0.999330 0.000000 -0.036607 1.000000 1.000000 1.000000
4425.795410 0.000000 1355.649414 0.000000 0.999913 0.000000 -0.013176 1.000000 1.000000 1.000000
4422.363770 0.000000 1365.137695 0.000000 0.956149 0.000000 -0.292881 1.000000 1.000000 1.000000
4453.463867 0.000000 1363.230347 0.000000 0.916900 0.000000 -0.399116 1.000000 1.000000 1.000000
4363.786133 0.000000 1417.162354 0.000000 0.870509 0.000000 -0.492152 1.000000 1.000000 1.000000
4353.884766 0.000000 1463.161865 0.000000 0.997886 0.000000 0.064986 0.000000 0.000000 0.000000
4370.190430 0.000000 1421.631592 0.000000 0.912027 0.000000 -0.410131 0.000000 0.000000 0.000000
4361.604492 0.000000 1439.563721 0.000000 0.998935 0.000000 0.046132 0.000000 0.000000 0.000000
4364.112305 0.000000 1427.016113 0.000000 0.999927 0.000000 0.012078 0.000000 0.000000 0.000000
4388.029297 0.000000 1430.662109 0.000000 0.999098 0.000000 -0.042470 0.000000 0.000000 0.000000
4377.706543 0.000000 1425.748779 0.000000 0.862654 0.000000 -0.505795 0.000000 0.000000 0.000000
4366.979980 0.000000 1436.949585 0.000000 0.837520 0.000000 0.546407 1.000000 1.000000 1.000000
4364.375000 0.000000 1466.777222 0.000000 0.918963 0.000000 0.394345 0.000000 0.000000 0.000000
4385.412109 0.000000 1427.066528 0.000000 0.966119 0.000000 -0.258097 1.000000 1.000000 1.000000
4501.208496 0.000000 1395.504272 0.000000 0.999078 0.000000 0.042929 0.000000 0.000000 0.000000
4484.957520 0.000000 1395.472046 0.000000 0.981847 0.000000 0.189674 0.000000 0.000000 0.000000
4492.457520 0.000000 1407.400879 0.000000 0.944800 0.000000 -0.327647 1.000000 1.000000 1.000000
4497.722656 0.000000 1407.802368 0.000000 0.842699 0.000000 -0.538384 1.000000 1.000000 1.000000
4487.437500 0.000000 1410.668579 0.000000 0.990212 0.000000 0.139571 0.000000 0.000000 0.000000
4492.083496 0.000000 1401.138916 0.000000 0.948054 0.000000 0.318110 1.000000 1.000000 1.000000
4492.375000 0.000000 1410.292847 0.000000 0.995903 0.000000 -0.090432 0.000000 0.000000 0.000000
4494.650879 0.000000 1405.965820 0.000000 0.939236 0.000000 0.343271 1.000000 1.000000 1.000000
4490.235840 0.000000 1399.309204 0.000000 0.956435 0.000000 -0.291944 1.000000 1.000000 1.000000
4484.384766 0.000000 1406.397705 0.000000 0.993729 0.000000 -0.111811 1.000000 1.000000 1.000000
4494.389160 0.000000 1389.009766 0.000000 0.974055 0.000000 -0.226312 1.000000 1.000000 1.000000
4482.356934 0.000000 1417.007568 0.000000 0.998887 0.000000 -0.047158 0.000000 0.000000 0.000000
4497.664551 0.000000 1418.765381 0.000000 0.942170 0.000000 0.335135 0.000000 0.000000 0.000000
4364.526855 0.000000 1491.639526 0.000000 0.987962 0.000000 0.154698 0.000000 0.000000 0.000000
4369.664551 0.000000 1475.249756 0.000000 0.849183 0.000000 -0.528098 0.000000 0.000000 0.000000
4365.099609 0.000000 1488.370361 0.000000 0.832708 0.000000 -0.553712 0.000000 0.000000 0.000000
4353.451660 0.000000 1477.986206 0.000000 0.899525 0.000000 0.436869 0.000000 0.000000 0.000000
4352.090332 0.000000 1471.889404 0.000000 0.951422 0.000000 0.307890 0.000000 0.000000 0.000000
4367.671387 0.000000 1470.122803 0.000000 0.996477 0.000000 0.083865 0.000000 0.000000 0.000000
4362.329590 0.000000 1493.298340 0.000000 0.843015 0.000000 0.537891 0.000000 0.000000 0.000000
4355.913086 0.000000 1479.530273 0.000000 0.939726 0.000000 -0.341929 1.000000 1.000000 1.000000
4359.143066 0.000000 1495.978271 0.000000 0.991706 0.000000 -0.128526 1.000000 1.000000 1.000000
4407.062500 0.000000 1576.095581 0.000000 0.999894 0.000000 0.014575 0.000000 0.000000 0.000000
4415.697754 0.000000 1569.802246 0.000000 0.958771 0.000000 0.284180 1.000000 1.000000 1.000000
4425.278320 0.000000 1575.161743 0.000000 0.892168 0.000000 0.451705 1.000000 1.000000 1.000000
4433.722656 0.000000 1577.255493 0.000000 0.978730 0.000000 -0.205153 0.000000 0.000000 0.000000
4426.072266 0.000000 1581.250122 0.000000 0.994628 0.000000 -0.103512 1.000000 1.000000 1.000000
4422.057129 0.000000 1570.015869 0.000000 0.907411 0.000000 0.420244 1.000000 1.000000 1.000000
4423.437500 0.000000 1580.121704 0.000000 0.872878 0.000000 -0.487939 1.000000 1.000000 1.000000
4428.375000 0.000000 1579.745972 0.000000 0.999998 0.000000 -0.001852 1.000000 1.000000 1.000000
4430.650879 0.000000 1575.418945 0.000000 0.947073 0.000000 0.321019 1.000000 1.000000 1.000000
4426.235840 0.000000 1568.762329 0.000000 0.971913 0.000000 0.235342 1.000000 1.000000 1.000000
4569.681152 0.000000 1502.371216 0.000000 0.962113 0.000000 -0.272652 0.000000 0.000000 0.000000
4585.676758 0.000000 1486.660767 0.000000 0.998570 0.000000 -0.053462 0.000000 0.000000 0.000000
4556.526855 0.000000 1491.639526 0.000000 0.886280 0.000000 -0.463150 0.000000 0.000000 0.000000
4563.991699 0.000000 1501.821289 0.000000 0.947201 0.000000 0.320640 0.000000 0.000000 0.000000
4582.581055 0.000000 1503.718140 0.000000 0.999991 0.000000 0.004338 1.000000 1.000000 1.000000
4567.191895 0.000000 1514.484375 0.000000 0.999284 0.000000 0.037825 0.000000 0.000000 0.000000
4568.795410 0.000000 1496.505981 0.000000 0.977986 0.000000 0.208669 1.000000 1.000000 1.000000
4560.244141 0.000000 1497.791626 0.000000 0.892974 0.000000 0.450107 1.000000 1.000000 1.000000
4571.635742 0.000000 1491.644165 0.000000 0.894187 0.000000 0.447694 0.000000 0.000000 0.000000
4583.299805 0.000000 1514.973145 0.000000 0.982852 0.000000 -0.184399 0.000000 0.000000 0.000000
4589.942871 0.000000 1490.534668 0.000000 0.823188 0.000000 -0.567769 0.000000 0.000000 0.000000
4578.111328 0.000000 1500.208984 0.000000 0.894309 0.000000 0.447450 0.000000 0.000000 0.000000
4564.436035 0.000000 1510.865601 0.000000 0.910051 0.000000 -0.414496 1.000000 1.000000 1.000000
4254.953613 0.000000 1694.299438 0.000000 0.992114 0.000000 0.125336 0.000000 0.000000 0.000000
4242.579102 0.000000 1693.235718 0.000000 0.850609 0.000000 0.525798 0.000000 0.000000 0.000000
4276.014648 0.000000 1646.890137 0.000000 0.947973 0.000000 0.318350 0.000000 0.000000 0.000000
4265.967773 0.000000 1667.864746 0.000000 0.995360 0.000000 0.096225 0.000000 0.000000 0.000000
4271.537109 0.000000 1665.175293 0.000000 0.824560 0.000000 0.565775 0.000000 0.000000 0.000000
4230.507812 0.000000 1690.138062 0.000000 0.957676 0.000000 -0.287848 0.000000 0.000000 0.000000
4283.100586 0.000000 1648.139648 0.000000 0.865617 0.000000 -0.500706 0.000000 0.000000 0.000000
4265.676758 0.000000 1656.113892 0.000000 0.968955 0.000000 -0.247237 1.000000 1.000000 1.000000
4282.462402 0.000000 1655.116943 0.000000 0.840976 0.000000 0.541072 0.000000 0.000000 0.000000
4275.016113 0.000000 1658.897949 0.000000 0.996863 0.000000 -0.079146 1.000000 1.000000 1.000000
4260.029297 0.000000 1656.599609 0.000000 0.996586 0.000000 -0.082565 1.000000 1.000000 1.000000
4277.566895 0.000000 1650.509155 0.000000 0.988129 0.000000 0.153626 0.000000 0.000000 0.000000
4271.447754 0.000000 1650.732544 0.000000 0.859584 0.000000 0.510995 0.000000 0.000000 0.000000
4243.443848 0.000000 1687.966675 0.000000 0.991699 0.000000 -0.128584 0.000000 0.000000 0.000000
4262.385742 0.000000 1654.891846 0.000000 0.971934 0.000000 -0.235253 1.000000 1.000000 1.000000
4273.394043 0.000000 1663.376587 0.000000 0.941438 0.000000 0.337187 1.000000 1.000000 1.000000
4258.111328 0.000000 1669.662109 0.000000 0.974073 0.000000 0.226233 0.000000 0.000000 0.000000
4270.693848 0.000000 1670.105469 0.000000 0.895182 0.000000 -0.445701 1.000000 1.000000 1.000000
4280.742188 0.000000 1667.940796 0.000000 0.965106 0.000000 0.261859 1.000000 1.000000 1.000000
4192.449219 0.000000 1720.526611 0.000000 0.833574 0.000000 0.552408 1.000000 1.000000 1.000000
4202.835938 0.000000 1700.537476 0.000000 0.894946 0.000000 -0.446175 1.000000 1.000000 1.000000
4204.194824 0.000000 1706.608643 0.000000 0.994984 0.000000 0.100036 1.000000 1.000000 1.000000
4193.448730 0.000000 1717.828003 0.000000 0.885368 0.000000 0.464890 1.000000 1.000000 1.000000
4190.961914 0.000000 1695.492554 0.000000 0.962132 0.000000 0.272583 0.000000 0.000000 0.000000
4180.994629 0.000000 1697.083984 0.000000 0.966349 0.000000 0.257234 0.000000 0.000000 0.000000
4204.352051 0.000000 1711.792358 0.000000 0.866463 0.000000 0.499241 0.000000 0.000000 0.000000
4185.283691 0.000000 1716.149048 0.000000 0.891967 0.000000 -0.452101 1.000000 1.000000 1.000000
4207.447754 0.000000 1707.216919 0.000000 0.967776 0.000000 0.251813 0.000000 0.000000 0.000000
4198.824707 0.000000 1699.769165 0.000000 0.997504 0.000000 0.070614 1.000000 1.000000 1.000000
4182.077637 0.000000 1711.705933 0.000000 0.999981 0.000000 -0.006098 1.000000 1.000000 1.000000
4197.463867 0.000000 1702.136597 0.000000 0.994536 0.000000 0.104390 1.000000 1.000000 1.000000
4201.128906 0.000000 1715.396973 0.000000 0.974123 0.000000 0.226019 1.000000 1.000000 1.000000
4157.292480 0.000000 1763.574585 0.000000 0.960598 0.000000 -0.277941 0.000000 0.000000 0.000000
4158.624512 0.000000 1759.835815 0.000000 0.999480 0.000000 -0.032251 0.000000 0.000000 0.000000
4154.305176 0.000000 1794.997070 0.000000 0.990687 0.000000 -0.136161 0.000000 0.000000 0.000000
4143.537109 0.000000 1778.144043 0.000000 0.974205 0.000000 -0.225665 0.000000 0.000000 0.000000
4105.084961 0.000000 1761.833496 0.000000 0.949981 0.000000 0.312307 1.000000 1.000000 1.000000
4147.016113 0.000000 1771.866699 0.000000 0.992993 0.000000 -0.118177 0.000000 0.000000 0.000000
4154.631836 0.000000 1786.152100 0.000000 0.999935 0.000000 -0.011422 0.000000 0.000000 0.000000
4154.504395 0.000000 1774.774536 0.000000 0.994017 0.000000 -0.109224 0.000000 0.000000 0.000000
4146.798340 0.000000 1787.696777 0.000000 0.999803 0.000000 0.019834 0.000000 0.000000 0.000000
4157.738281 0.000000 1779.264771 0.000000 0.973481 0.000000 -0.228766 1.000000 1.000000 1.000000
4155.000977 0.000000 1788.816650 0.000000 0.943073 0.000000 -0.332586 0.000000 0.000000 0.000000
4149.633789 0.000000 1788.072876 0.000000 0.995082 0.000000 -0.099057 0.000000 0.000000 0.000000
4167.671387 0.000000 1775.872192 0.000000 0.988075 0.000000 0.153975 0.000000 0.000000 0.000000
4165.119141 0.000000 1767.449829 0.000000 0.954798 0.000000 0.297254 0.000000 0.000000 0.000000
4177.722656 0.000000 1803.192993 0.000000 0.864661 0.000000 0.502356 0.000000 0.000000 0.000000
4185.916992 0.000000 1795.781860 0.000000 0.941949 0.000000 -0.335755 0.000000 0.000000 0.000000
4169.604492 0.000000 1778.469971 0.000000 0.901009 0.000000 -0.433800 1.000000 1.000000 1.000000
4181.934570 0.000000 1805.827637 0.000000 0.983555 0.000000 0.180608 1.000000 1.000000 1.000000
4188.380371 0.000000 1805.865967 0.000000 0.995908 0.000000 -0.090370 1.000000 1.000000 1.000000
4174.604980 0.000000 1798.592651 0.000000 0.845553 0.000000 -0.533891 0.000000 0.000000 0.000000
4161.451660 0.000000 1760.408081 0.000000 0.969744 0.000000 -0.244125 0.000000 0.000000 0.000000
4193.062500 0.000000 1803.089600 0.000000 0.990201 0.000000 -0.139652 1.000000 1.000000 1.000000
4166.395508 0.000000 1781.071289 0.000000 0.962530 0.000000 -0.271174 1.000000 1.000000 1.000000
4195.689941 0.000000 1802.617310 0.000000 0.996746 0.000000 0.080603 1.000000 1.000000 1.000000
4168.173828 0.000000 1773.281982 0.000000 0.979958 0.000000 0.199205 0.000000 0.000000 0.000000
4187.698730 0.000000 1797.515015 0.000000 0.959127 0.000000 0.282977 0.000000 0.000000 0.000000
4242.283691 0.000000 1695.663940 0.000000 0.926880 0.000000 0.375359 0.000000 0.000000 0.000000
4230.363770 0.000000 1704.043945 0.000000 0.842386 0.000000 0.538875 0.000000 0.000000 0.000000
4292.032715 0.000000 1726.142822 0.000000 0.870512 0.000000 -0.492147 0.000000 0.000000 0.000000
4306.190430 0.000000 1704.053467 0.000000 0.949052 0.000000 -0.315119 0.000000 0.000000 0.000000
4320.449219 0.000000 1720.526611 0.000000 0.862259 0.000000 -0.506468 1.000000 1.000000 1.000000
4288.936035 0.000000 1717.140747 0.000000 0.931178 0.000000 -0.364566 0.000000 0.000000 0.000000
4305.664551 0.000000 1701.187256 0.000000 0.976463 0.000000 0.215687 1.000000 1.000000 1.000000
4321.448730 0.000000 1717.828003 0.000000 0.992861 0.000000 0.119281 1.000000 1.000000 1.000000
4312.795410 0.000000 1722.443481 0.000000 0.925712 0.000000 -0.378229 1.000000 1.000000 1.000000
4318.952637 0.000000 1714.043579 0.000000 0.999995 0.000000 -0.003147 1.000000 1.000000 1.000000
4324.575195 0.000000 1696.920288 0.000000 0.900831 0.000000 -0.434170 0.000000 0.000000 0.000000
4313.706543 0.000000 1708.170654 0.000000 0.998810 0.000000 0.048770 1.000000 1.000000 1.000000
4304.186523 0.000000 1713.682495 0.000000 0.976304 0.000000 -0.216406 0.000000 0.000000 0.000000
4317.958984 0.000000 1704.731567 0.000000 0.995111 0.000000 -0.098760 1.000000 1.000000 1.000000
4308.832520 0.000000 1707.110840 0.000000 0.875981 0.000000 -0.482345 0.000000 0.000000 0.000000
4296.614258 0.000000 1708.060059 0.000000 0.928638 0.000000 -0.370986 1.000000 1.000000 1.000000
4321.412109 0.000000 1709.488403 0.000000 0.928193 0.000000 -0.372100 0.000000 0.000000 0.000000
4299.442871 0.000000 1712.339844 0.000000 0.978800 0.000000 0.204816 1.000000 1.000000 1.000000
4294.363770 0.000000 1704.043945 0.000000 0.930613 0.000000 -0.366004 1.000000 1.000000 1.000000
4306.498535 0.000000 1698.349243 0.000000 0.918669 0.000000 0.395028 1.000000 1.000000 1.000000
4312.535645 0.000000 1710.886230 0.000000 0.959357 0.000000 0.282197 0.000000 0.000000 0.000000
4307.894531 0.000000 1702.302979 0.000000 0.855972 0.000000 0.517022 1.000000 1.000000 1.000000
4272.918945 0.000000 1766.001831 0.000000 0.938936 0.000000 0.344091 0.000000 0.000000 0.000000
4266.288574 0.000000 1774.163452 0.000000 0.986732 0.000000 -0.162358 0.000000 0.000000 0.000000
4279.819336 0.000000 1769.846558 0.000000 0.986633 0.000000 0.162958 0.000000 0.000000 0.000000
4274.798340 0.000000 1787.696777 0.000000 0.898728 0.000000 0.438506 1.000000 1.000000 1.000000
4280.742188 0.000000 1780.909546 0.000000 0.878929 0.000000 -0.476952 1.000000 1.000000 1.000000
4305.722656 0.000000 1803.192993 0.000000 0.950325 0.000000 0.311258 0.000000 0.000000 0.000000
4297.604492 0.000000 1778.469971 0.000000 0.930998 0.000000 -0.365025 0.000000 0.000000 0.000000
4309.934570 0.000000 1805.827637 0.000000 0.998168 0.000000 -0.060509 1.000000 1.000000 1.000000
4295.213379 0.000000 1789.215698 0.000000 0.950457 0.000000 0.310857 0.000000 0.000000 0.000000
4411.100586 0.000000 1591.655273 0.000000 0.871108 0.000000 -0.491092 1.000000 1.000000 1.000000
4396.194824 0.000000 1593.639893 0.000000 0.999128 0.000000 -0.041751 0.000000 0.000000 0.000000
4400.746582 0.000000 1584.800171 0.000000 1.000000 0.000000 -0.000984 0.000000 0.000000 0.000000
4405.566895 0.000000 1594.024780 0.000000 0.891492 0.000000 0.453037 1.000000 1.000000 1.000000
4408.473633 0.000000 1589.693237 0.000000 0.890517 0.000000 0.454950 1.000000 1.000000 1.000000
4409.460938 0.000000 1581.665771 0.000000 0.949226 0.000000 -0.314594 0.000000 0.000000 0.000000
4458.288574 0.000000 1604.710327 0.000000 0.995882 0.000000 0.090657 0.000000 0.000000 0.000000
4457.967773 0.000000 1611.380371 0.000000 0.951614 0.000000 0.307295 0.000000 0.000000 0.000000
4457.676758 0.000000 1599.629517 0.000000 0.988141 0.000000 0.153546 1.000000 1.000000 1.000000
4467.016113 0.000000 1602.413574 0.000000 0.931883 0.000000 0.362760 1.000000 1.000000 1.000000
4454.581055 0.000000 1616.686890 0.000000 0.942728 0.000000 -0.333563 0.000000 0.000000 0.000000
4419.820801 0.000000 1595.367920 0.000000 0.900130 0.000000 -0.435622 1.000000 1.000000 1.000000
4440.795410 0.000000 1609.474731 0.000000 0.927659 0.000000 -0.373428 0.000000 0.000000 0.000000
4446.952637 0.000000 1601.074829 0.000000 0.997717 0.000000 -0.067537 1.000000 1.000000 1.000000
4451.200195 0.000000 1594.359497 0.000000 0.946062 0.000000 -0.323984 1.000000 1.000000 1.000000
4469.519043 0.000000 1608.187866 0.000000 0.873593 0.000000 0.486657 0.000000 0.000000 0.000000
4443.635742 0.000000 1604.612915 0.000000 0.998498 0.000000 -0.054790 1.000000 1.000000 1.000000
4436.832520 0.000000 1594.142090 0.000000 0.952632 0.000000 -0.304125 0.000000 0.000000 0.000000
4439.408203 0.000000 1593.400635 0.000000 0.885959 0.000000 -0.463764 0.000000 0.000000 0.000000
4454.646484 0.000000 1613.719727 0.000000 0.960424 0.000000 -0.278542 1.000000 1.000000 1.000000
4469.428223 0.000000 1599.403687 0.000000 0.959314 0.000000 -0.282343 0.000000 0.000000 0.000000
4438.077637 0.000000 1598.737183 0.000000 0.864643 0.000000 0.502387 1.000000 1.000000 1.000000
4419.913086 0.000000 1592.499023 0.000000 0.930509 0.000000 -0.366270 1.000000 1.000000 1.000000
4454.385742 0.000000 1598.407471 0.000000 0.980120 0.000000 0.198405 1.000000 1.000000 1.000000
4465.394043 0.000000 1606.892212 0.000000 0.919317 0.000000 -0.393517 1.000000 1.000000 1.000000
4472.346680 0.000000 1603.763428 0.000000 0.983436 0.000000 0.181256 0.000000 0.000000 0.000000
4450.111328 0.000000 1613.177734 0.000000 0.920957 0.000000 0.389665 1.000000 1.000000 1.000000
4443.190918 0.000000 1609.871948 0.000000 0.975944 0.000000 -0.218023 1.000000 1.000000 1.000000
4449.641602 0.000000 1599.641113 0.000000 0.890503 0.000000 0.454977 1.000000 1.000000 1.000000
4364.457520 0.000000 1802.791504 0.000000 0.905585 0.000000 -0.424165 1.000000 1.000000 1.000000
4362.072266 0.000000 1807.187622 0.000000 0.827679 0.000000 -0.561202 0.000000 0.000000 0.000000
4373.934570 0.000000 1805.827637 0.000000 0.853822 0.000000 -0.520565 0.000000 0.000000 0.000000
4371.443848 0.000000 1800.935425 0.000000 0.995037 0.000000 0.099506 0.000000 0.000000 0.000000
4605.507812 0.000000 1800.792358 0.000000 0.942878 0.000000 -0.333139 0.000000 0.000000 0.000000
4602.305176 0.000000 1794.997070 0.000000 0.969004 0.000000 -0.247046 0.000000 0.000000 0.000000
4605.611816 0.000000 1789.775269 0.000000 0.986595 0.000000 0.163188 0.000000 0.000000 0.000000
4604.832520 0.000000 1783.337402 0.000000 0.975808 0.000000 -0.218628 0.000000 0.000000 0.000000
4597.860840 0.000000 1799.082031 0.000000 0.903688 0.000000 -0.428191 0.000000 0.000000 0.000000
4595.016113 0.000000 1771.866699 0.000000 0.997739 0.000000 0.067215 0.000000 0.000000 0.000000
4603.000977 0.000000 1788.816650 0.000000 0.962571 0.000000 -0.271029 0.000000 0.000000 0.000000
4600.346680 0.000000 1773.216553 0.000000 0.979707 0.000000 -0.200435 1.000000 1.000000 1.000000
4642.900879 0.000000 1355.689697 0.000000 0.994766 0.000000 0.102184 0.000000 0.000000 0.000000
4631.491699 0.000000 1356.256470 0.000000 0.990533 0.000000 0.137278 0.000000 0.000000 0.000000
4780.760254 0.000000 1450.614502 0.000000 0.983096 0.000000 0.183091 0.000000 0.000000 0.000000
4768.032227 0.000000 1449.047241 0.000000 0.990324 0.000000 -0.138776 0.000000 0.000000 0.000000
4757.208496 0.000000 1451.988647 0.000000 0.938494 0.000000 0.345294 0.000000 0.000000 0.000000
4759.371094 0.000000 1455.123291 0.000000 0.906149 0.000000 -0.422960 0.000000 0.000000 0.000000
4747.941895 0.000000 1510.397827 0.000000 0.981733 0.000000 -0.190265 0.000000 0.000000 0.000000
4754.579102 0.000000 1523.782593 0.000000 0.963073 0.000000 -0.269242 1.000000 1.000000 1.000000
4742.507812 0.000000 1520.684937 0.000000 0.984304 0.000000 0.176482 0.000000 0.000000 0.000000
4745.278320 0.000000 1518.677368 0.000000 0.913548 0.000000 0.406730 0.000000 0.000000 0.000000
4746.072266 0.000000 1524.765747 0.000000 0.928482 0.000000 0.371377 0.000000 0.000000 0.000000
4757.934570 0.000000 1523.405762 0.000000 0.844441 0.000000 0.535648 0.000000 0.000000 0.000000
4762.987305 0.000000 1525.166870 0.000000 0.927484 0.000000 -0.373862 1.000000 1.000000 1.000000
4766.961914 0.000000 1526.039429 0.000000 0.959119 0.000000 0.283003 0.000000 0.000000 0.000000
4746.564941 0.000000 1527.627075 0.000000 0.928444 0.000000 0.371472 0.000000 0.000000 0.000000
4844.376953 0.000000 1571.345825 0.000000 0.897893 0.000000 0.440213 0.000000 0.000000 0.000000
4839.591309 0.000000 1566.914185 0.000000 0.866331 0.000000 0.499470 0.000000 0.000000 0.000000
4843.601562 0.000000 1577.978149 0.000000 0.826106 0.000000 -0.563515 1.000000 1.000000 1.000000
4966.346680 0.000000 1409.882690 0.000000 0.983353 0.000000 0.181707 0.000000 0.000000 0.000000
4957.020508 0.000000 1424.939697 0.000000 0.883114 0.000000 -0.469159 0.000000 0.000000 0.000000
4970.835938 0.000000 1418.115601 0.000000 0.929063 0.000000 0.369921 1.000000 1.000000 1.000000
4975.537109 0.000000 1439.237793 0.000000 0.851593 0.000000 0.524203 0.000000 0.000000 0.000000
4986.462402 0.000000 1429.179443 0.000000 0.992382 0.000000 0.123199 1.000000 1.000000 1.000000
4964.759766 0.000000 1433.485596 0.000000 0.998261 0.000000 0.058954 0.000000 0.000000 0.000000
4964.575195 0.000000 1414.498413 0.000000 0.943048 0.000000 0.332658 1.000000 1.000000 1.000000
4972.127930 0.000000 1439.550659 0.000000 0.999501 0.000000 0.031578 0.000000 0.000000 0.000000
4984.473633 0.000000 1420.240112 0.000000 0.999537 0.000000 -0.030435 0.000000 0.000000 0.000000
4966.824707 0.000000 1417.347290 0.000000 0.835462 0.000000 -0.549548 0.000000 0.000000 0.000000
4973.942871 0.000000 1434.050293 0.000000 0.991011 0.000000 -0.133780 0.000000 0.000000 0.000000
4969.128906 0.000000 1432.975098 0.000000 0.895318 0.000000 0.445427 0.000000 0.000000 0.000000
4971.095215 0.000000 1426.427979 0.000000 0.955241 0.000000 -0.295827 1.000000 1.000000 1.000000
4952.795410 0.000000 1496.505981 0.000000 0.945653 0.000000 -0.325177 0.000000 0.000000 0.000000
4967.591309 0.000000 1510.429810 0.000000 0.839276 0.000000 0.543705 0.000000 0.000000 0.000000
4972.127930 0.000000 1496.035034 0.000000 0.990521 0.000000 0.137360 1.000000 1.000000 1.000000
4972.051758 0.000000 1500.688110 0.000000 0.998739 0.000000 0.050202 1.000000 1.000000 1.000000
4905.563477 0.000000 1551.569092 0.000000 0.832455 0.000000 -0.554093 0.000000 0.000000 0.000000
4920.315430 0.000000 1562.087158 0.000000 0.924165 0.000000 -0.381994 0.000000 0.000000 0.000000
4909.375000 0.000000 1549.999756 0.000000 0.999017 0.000000 0.044338 0.000000 0.000000 0.000000
4921.910645 0.000000 1573.029175 0.000000 0.828448 0.000000 -0.560066 0.000000 0.000000 0.000000
4905.656250 0.000000 1565.187866 0.000000 0.932478 0.000000 -0.361226 0.000000 0.000000 0.000000
4911.917480 0.000000 1561.860107 0.000000 0.962230 0.000000 0.272238 0.000000 0.000000 0.000000
4915.759277 0.000000 1556.442993 0.000000 0.971359 0.000000 -0.237618 0.000000 0.000000 0.000000
4905.967773 0.000000 1554.895996 0.000000 0.861712 0.000000 -0.507398 0.000000 0.000000 0.000000
4911.537109 0.000000 1552.206543 0.000000 0.966237 0.000000 0.257654 0.000000 0.000000 0.000000
4922.631836 0.000000 1560.214600 0.000000 0.958365 0.000000 0.285547 0.000000 0.000000 0.000000
4914.798340 0.000000 1561.759277 0.000000 0.851642 0.000000 -0.524123 0.000000 0.000000 0.000000
4917.519043 0.000000 1551.703491 0.000000 0.995043 0.000000 -0.099450 0.000000 0.000000 0.000000
4765.237305 0.000000 1615.084717 0.000000 0.939642 0.000000 -0.342159 0.000000 0.000000 0.000000
4783.868652 0.000000 1629.973511 0.000000 0.874593 0.000000 0.484858 0.000000 0.000000 0.000000
4772.620605 0.000000 1628.270996 0.000000 0.978403 0.000000 -0.206708 0.000000 0.000000 0.000000
4780.412598 0.000000 1623.836182 0.000000 0.947450 0.000000 0.319904 0.000000 0.000000 0.000000
4794.305176 0.000000 1625.543945 0.000000 0.864481 0.000000 -0.502665 0.000000 0.000000 0.000000
4763.595215 0.000000 1632.086182 0.000000 0.990477 0.000000 -0.137681 0.000000 0.000000 0.000000
4760.572266 0.000000 1621.026855 0.000000 0.970865 0.000000 -0.239626 0.000000 0.000000 0.000000
4789.860840 0.000000 1629.628906 0.000000 0.989092 0.000000 -0.147299 0.000000 0.000000 0.000000
4759.191895 0.000000 1627.453125 0.000000 0.967304 0.000000 0.253619 0.000000 0.000000 0.000000
4612.957520 0.000000 1790.862671 0.000000 0.985893 0.000000 0.167377 0.000000 0.000000 0.000000
4668.832520 0.000000 1783.337402 0.000000 0.865523 0.000000 0.500870 1.000000 1.000000 1.000000
4611.510742 0.000000 1797.943604 0.000000 0.827925 0.000000 0.560838 0.000000 0.000000 0.000000
4666.462402 0.000000 1768.085693 0.000000 0.873721 0.000000 0.486427 0.000000 0.000000 0.000000
4669.032715 0.000000 1773.203735 0.000000 0.962348 0.000000 -0.271819 1.000000 1.000000 1.000000
4666.637207 0.000000 1777.949341 0.000000 0.850605 0.000000 -0.525806 1.000000 1.000000 1.000000
4669.638184 0.000000 1770.738892 0.000000 0.998364 0.000000 0.057180 1.000000 1.000000 1.000000
4610.575684 0.000000 1792.142700 0.000000 0.990196 0.000000 0.139688 0.000000 0.000000 0.000000
4676.763672 0.000000 1787.207886 0.000000 0.976397 0.000000 0.215983 0.000000 0.000000 0.000000
4733.611816 0.000000 1789.775269 0.000000 0.970467 0.000000 0.241234 0.000000 0.000000 0.000000
4678.507812 0.000000 1803.106812 0.000000 0.996437 0.000000 -0.084337 0.000000 0.000000 0.000000
4675.510742 0.000000 1797.943604 0.000000 0.963786 0.000000 0.266677 0.000000 0.000000 0.000000
4695.191895 0.000000 1796.906250 0.000000 0.979676 0.000000 0.200589 0.000000 0.000000 0.000000
4678.395508 0.000000 1781.071289 0.000000 0.928200 0.000000 -0.372083 0.000000 0.000000 0.000000
4679.408691 0.000000 1768.853149 0.000000 0.841781 0.000000 0.539820 0.000000 0.000000 0.000000
4692.436035 0.000000 1793.287476 0.000000 0.833351 0.000000 -0.552745 0.000000 0.000000 0.000000
4674.575684 0.000000 1792.142700 0.000000 0.903042 0.000000 -0.429552 1.000000 1.000000 1.000000
4686.389160 0.000000 1784.400391 0.000000 0.989507 0.000000 0.144483 1.000000 1.000000 1.000000
4685.872070 0.000000 1779.418091 0.000000 0.996443 0.000000 -0.084271 0.000000 0.000000 0.000000
4686.401855 0.000000 1792.711426 0.000000 0.945985 0.000000 -0.324210 1.000000 1.000000 1.000000
4748.457520 0.000000 1802.791504 0.000000 0.948371 0.000000 0.317165 1.000000 1.000000 1.000000
4753.722656 0.000000 1803.192993 0.000000 0.939255 0.000000 -0.343220 1.000000 1.000000 1.000000
4746.072266 0.000000 1807.187622 0.000000 0.947169 0.000000 0.320734 1.000000 1.000000 1.000000
4742.057129 0.000000 1795.953369 0.000000 0.970858 0.000000 0.239656 1.000000 1.000000 1.000000
4757.934570 0.000000 1805.827637 0.000000 0.986535 0.000000 -0.163550 0.000000 0.000000 0.000000
4759.191895 0.000000 1796.906250 0.000000 0.996716 0.000000 -0.080977 0.000000 0.000000 0.000000
4756.984863 0.000000 1788.213623 0.000000 0.977936 0.000000 0.208906 0.000000 0.000000 0.000000
4748.721191 0.000000 1789.340454 0.000000 0.842334 0.000000 0.538955 1.000000 1.000000 1.000000
4738.575684 0.000000 1792.142700 0.000000 0.841438 0.000000 0.540354 1.000000 1.000000 1.000000
4920.065918 0.000000 1719.893799 0.000000 0.961735 0.000000 -0.273983 0.000000 0.000000 0.000000
4919.531250 0.000000 1705.134888 0.000000 0.954543 0.000000 0.298072 0.000000 0.000000 0.000000
4922.028320 0.000000 1707.629883 0.000000 0.912614 0.000000 -0.408821 0.000000 0.000000 0.000000
4923.100586 0.000000 1704.624023 0.000000 0.834011 0.000000 0.551747 0.000000 0.000000 0.000000
4922.504395 0.000000 1718.290161 0.000000 0.892522 0.000000 -0.451004 0.000000 0.000000 0.000000
4927.814453 0.000000 1712.975952 0.000000 0.867653 0.000000 0.497171 1.000000 1.000000 1.000000
4935.671387 0.000000 1719.387817 0.000000 0.961471 0.000000 0.274907 0.000000 0.000000 0.000000
4931.820801 0.000000 1708.336670 0.000000 0.990075 0.000000 -0.140537 1.000000 1.000000 1.000000
4985.384766 0.000000 1750.782959 0.000000 0.842528 0.000000 -0.538652 1.000000 1.000000 1.000000
4973.943359 0.000000 1753.370605 0.000000 0.836487 0.000000 -0.547986 0.000000 0.000000 0.000000
4980.014648 0.000000 1759.858887 0.000000 0.998451 0.000000 -0.055644 0.000000 0.000000 0.000000
4976.746582 0.000000 1754.253296 0.000000 0.983497 0.000000 -0.180926 0.000000 0.000000 0.000000
5040.541992 0.000000 1717.116455 0.000000 0.984785 0.000000 -0.173777 0.000000 0.000000 0.000000
5030.893555 0.000000 1713.978638 0.000000 0.996251 0.000000 -0.086511 0.000000 0.000000 0.000000
5015.371094 0.000000 1737.545166 0.000000 0.947531 0.000000 -0.319663 0.000000 0.000000 0.000000
5021.530273 0.000000 1721.823608 0.000000 0.996037 0.000000 -0.088944 0.000000 0.000000 0.000000
5033.204590 0.000000 1731.092651 0.000000 0.999981 0.000000 -0.006237 0.000000 0.000000 0.000000
5034.288574 0.000000 1717.679077 0.000000 0.995319 0.000000 -0.096643 0.000000 0.000000 0.000000
5017.681152 0.000000 1728.308716 0.000000 0.965341 0.000000 0.260990 0.000000 0.000000 0.000000
5027.666992 0.000000 1731.017456 0.000000 0.999129 0.000000 0.041717 1.000000 1.000000 1.000000
5016.572266 0.000000 1733.995605 0.000000 0.959824 0.000000 0.280604 0.000000 0.000000 0.000000
5025.099609 0.000000 1728.480957 0.000000 0.999309 0.000000 0.037176 0.000000 0.000000 0.000000
5019.635742 0.000000 1717.581665 0.000000 0.825173 0.000000 -0.564880 0.000000 0.000000 0.000000
5025.910645 0.000000 1736.854126 0.000000 0.883949 0.000000 0.467584 1.000000 1.000000 1.000000
5045.428223 0.000000 1712.372437 0.000000 0.990090 0.000000 0.140436 0.000000 0.000000 0.000000
5024.544434 0.000000 1741.862793 0.000000 0.988186 0.000000 -0.153258 1.000000 1.000000 1.000000
5023.328613 0.000000 1744.853149 0.000000 0.866206 0.000000 -0.499688 1.000000 1.000000 1.000000
5022.961914 0.000000 1751.976929 0.000000 0.996145 0.000000 -0.087727 0.000000 0.000000 0.000000
5151.758301 0.000000 990.393982 0.000000 0.977340 0.000000 -0.211676 0.000000 0.000000 0.000000
5139.771973 0.000000 982.859802 0.000000 0.953234 0.000000 0.302233 0.000000 0.000000 0.000000
5137.939453 0.000000 1002.029968 0.000000 0.999753 0.000000 -0.022213 0.000000 0.000000 0.000000
5155.666992 0.000000 996.720581 0.000000 0.866655 0.000000 0.498908 0.000000 0.000000 0.000000
5149.422852 0.000000 998.786194 0.000000 0.836947 0.000000 -0.547284 1.000000 1.000000 1.000000
5139.991699 0.000000 993.461853 0.000000 0.917904 0.000000 -0.396803 0.000000 0.000000 0.000000
5143.191895 0.000000 1006.125000 0.000000 0.931311 0.000000 -0.364224 0.000000 0.000000 0.000000
5134.604980 0.000000 1007.811340 0.000000 0.970799 0.000000 -0.239895 0.000000 0.000000 0.000000
5127.213379 0.000000 998.434448 0.000000 0.831852 0.000000 0.554997 1.000000 1.000000 1.000000
5141.235840 0.000000 980.095459 0.000000 0.931611 0.000000 0.363456 0.000000 0.000000 0.000000
5136.716797 0.000000 992.332214 0.000000 0.908698 0.000000 -0.417455 0.000000 0.000000 0.000000
5130.235840 0.000000 1003.918579 0.000000 0.975212 0.000000 -0.221274 1.000000 1.000000 1.000000
5226.009766 0.000000 1184.624146 0.000000 0.967795 0.000000 -0.251740 0.000000 0.000000 0.000000
5235.213867 0.000000 1175.944702 0.000000 0.897674 0.000000 0.440660 0.000000 0.000000 0.000000
5232.023926 0.000000 1182.222534 0.000000 0.885786 0.000000 -0.464094 0.000000 0.000000 0.000000
5235.402344 0.000000 1183.654785 0.000000 0.824670 0.000000 -0.565614 0.000000 0.000000 0.000000
5222.686523 0.000000 1186.477661 0.000000 0.999950 0.000000 -0.009970 0.000000 0.000000 0.000000
4202.835938 0.000000 1813.506226 0.000000 0.995538 0.000000 -0.094359 0.000000 0.000000 0.000000
4201.967773 0.000000 1837.317871 0.000000 0.970736 0.000000 -0.240148 0.000000 0.000000 0.000000
4185.661133 0.000000 1810.566162 0.000000 0.976041 0.000000 -0.217586 1.000000 1.000000 1.000000
4171.486816 0.000000 1816.059570 0.000000 0.933766 0.000000 0.357884 0.000000 0.000000 0.000000
4169.084961 0.000000 1818.317871 0.000000 0.999007 0.000000 -0.044554 0.000000 0.000000 0.000000
4172.526855 0.000000 1830.545776 0.000000 0.930314 0.000000 0.366763 0.000000 0.000000 0.000000
4172.112305 0.000000 1822.406738 0.000000 0.827000 0.000000 0.562202 0.000000 0.000000 0.000000
4177.664551 0.000000 1814.156006 0.000000 0.990446 0.000000 0.137898 0.000000 0.000000 0.000000
4193.448730 0.000000 1830.796753 0.000000 0.882322 0.000000 0.470647 1.000000 1.000000 1.000000
4190.961914 0.000000 1808.461304 0.000000 0.981372 0.000000 0.192117 1.000000 1.000000 1.000000
4180.994629 0.000000 1810.052734 0.000000 0.999592 0.000000 -0.028551 1.000000 1.000000 1.000000
4180.094727 0.000000 1822.900879 0.000000 0.978611 0.000000 0.205719 1.000000 1.000000 1.000000
4176.244141 0.000000 1836.697876 0.000000 0.948906 0.000000 -0.315558 0.000000 0.000000 0.000000
4187.635742 0.000000 1830.550415 0.000000 0.988832 0.000000 -0.149036 0.000000 0.000000 0.000000
4185.283691 0.000000 1829.117798 0.000000 0.857060 0.000000 -0.515216 1.000000 1.000000 1.000000
4174.979980 0.000000 1832.340210 0.000000 0.836688 0.000000 0.547680 0.000000 0.000000 0.000000
4182.782715 0.000000 1814.803345 0.000000 0.885017 0.000000 -0.465558 0.000000 0.000000 0.000000
4204.127930 0.000000 1834.941284 0.000000 0.921842 0.000000 0.387566 0.000000 0.000000 0.000000
4193.412109 0.000000 1822.457153 0.000000 0.963382 0.000000 0.268132 1.000000 1.000000 1.000000
4174.686523 0.000000 1822.091431 0.000000 0.844036 0.000000 0.536286 0.000000 0.000000 0.000000
4201.128906 0.000000 1828.365723 0.000000 0.866230 0.000000 0.499645 1.000000 1.000000 1.000000
4178.498535 0.000000 1811.317993 0.000000 0.997537 0.000000 0.070144 0.000000 0.000000 0.000000
4184.535645 0.000000 1823.854980 0.000000 0.980281 0.000000 0.197608 1.000000 1.000000 1.000000
4282.462402 0.000000 1824.570068 0.000000 0.906914 0.000000 0.421315 0.000000 0.000000 0.000000
4284.013184 0.000000 1822.364746 0.000000 0.966172 0.000000 -0.257897 0.000000 0.000000 0.000000
4285.251953 0.000000 1814.314575 0.000000 0.971050 0.000000 0.238877 1.000000 1.000000 1.000000
4317.020508 0.000000 1820.330322 0.000000 0.993582 0.000000 -0.113114 0.000000 0.000000 0.000000
4299.486816 0.000000 1816.059570 0.000000 0.989273 0.000000 -0.146078 1.000000 1.000000 1.000000
4346.462402 0.000000 1824.570068 0.000000 0.984708 0.000000 0.174215 0.000000 0.000000 0.000000
4300.526855 0.000000 1830.545776 0.000000 0.999990 0.000000 0.004382 1.000000 1.000000 1.000000
4288.936035 0.000000 1830.109497 0.000000 0.990857 0.000000 -0.134917 0.000000 0.000000 0.000000
4305.664551 0.000000 1814.156006 0.000000 0.937514 0.000000 -0.347947 1.000000 1.000000 1.000000
4308.094727 0.000000 1822.900879 0.000000 0.982079 0.000000 -0.188472 0.000000 0.000000 0.000000
4304.244141 0.000000 1836.697876 0.000000 0.865153 0.000000 0.501509 1.000000 1.000000 1.000000
4315.635742 0.000000 1830.550415 0.000000 0.995528 0.000000 -0.094466 1.000000 1.000000 1.000000
4313.283691 0.000000 1829.117798 0.000000 0.869949 0.000000 -0.493142 1.000000 1.000000 1.000000
4308.832520 0.000000 1820.079590 0.000000 0.886986 0.000000 -0.461795 0.000000 0.000000 0.000000
4298.564941 0.000000 1810.048950 0.000000 0.999353 0.000000 -0.035956 1.000000 1.000000 1.000000
4299.616211 0.000000 1836.841187 0.000000 0.851107 0.000000 0.524992 1.000000 1.000000 1.000000
4296.614258 0.000000 1821.028809 0.000000 0.852621 0.000000 -0.522530 1.000000 1.000000 1.000000
4310.782715 0.000000 1814.803345 0.000000 0.921599 0.000000 0.388144 1.000000 1.000000 1.000000
4288.090332 0.000000 1810.795654 0.000000 0.956489 0.000000 0.291768 1.000000 1.000000 1.000000
4300.721191 0.000000 1845.824829 0.000000 0.953770 0.000000 0.300539 0.000000 0.000000 0.000000
4344.473633 0.000000 1815.630737 0.000000 0.972270 0.000000 0.233860 0.000000 0.000000 0.000000
4304.716797 0.000000 1839.597778 0.000000 0.999864 0.000000 0.016497 1.000000 1.000000 1.000000
4307.640625 0.000000 1832.811768 0.000000 0.997762 0.000000 0.066872 1.000000 1.000000 1.000000
4294.363770 0.000000 1817.012695 0.000000 0.873844 0.000000 0.486207 1.000000 1.000000 1.000000
4306.498535 0.000000 1811.317993 0.000000 0.851405 0.000000 -0.524509 1.000000 1.000000 1.000000
4306.128418 0.000000 1828.261597 0.000000 0.902828 0.000000 -0.430002 1.000000 1.000000 1.000000
4307.362793 0.000000 1835.487793 0.000000 0.948254 0.000000 0.317512 1.000000 1.000000 1.000000
4307.894531 0.000000 1815.271729 0.000000 0.990491 0.000000 -0.137578 1.000000 1.000000 1.000000
4315.678223 0.000000 1812.514160 0.000000 0.992738 0.000000 0.120295 1.000000 1.000000 1.000000
4312.077637 0.000000 1816.896484 0.000000 0.860154 0.000000 -0.510035 1.000000 1.000000 1.000000
4349.251953 0.000000 1814.314575 0.000000 0.833968 0.000000 0.551813 1.000000 1.000000 1.000000
4377.661133 0.000000 1810.566162 0.000000 0.993679 0.000000 0.112263 1.000000 1.000000 1.000000
4352.042480 0.000000 1807.507324 0.000000 0.971689 0.000000 0.236265 0.000000 0.000000 0.000000
4369.664551 0.000000 1814.156006 0.000000 0.927587 0.000000 0.373607 1.000000 1.000000 1.000000
4372.832520 0.000000 1820.079590 0.000000 0.899262 0.000000 -0.437411 0.000000 0.000000 0.000000
4362.564941 0.000000 1810.048950 0.000000 0.887055 0.000000 0.461665 0.000000 0.000000 0.000000
4375.408203 0.000000 1819.338135 0.000000 0.987170 0.000000 -0.159676 0.000000 0.000000 0.000000
4358.363770 0.000000 1817.012695 0.000000 0.916347 0.000000 0.400385 1.000000 1.000000 1.000000
4370.498535 0.000000 1811.317993 0.000000 0.948005 0.000000 0.318256 1.000000 1.000000 1.000000
4371.894531 0.000000 1815.271729 0.000000 0.983082 0.000000 0.183164 1.000000 1.000000 1.000000
4379.678223 0.000000 1812.514160 0.000000 0.839227 0.000000 0.543781 1.000000 1.000000 1.000000
4376.077637 0.000000 1816.896484 0.000000 0.866927 0.000000 0.498435 1.000000 1.000000 1.000000
4585.064941 0.000000 1859.205566 0.000000 0.987893 0.000000 0.155139 0.000000 0.000000 0.000000
4572.380371 0.000000 1862.350342 0.000000 0.999967 0.000000 -0.008154 0.000000 0.000000 0.000000
4589.943359 0.000000 1866.339355 0.000000 0.883473 0.000000 0.468483 0.000000 0.000000 0.000000
4582.686523 0.000000 1864.290161 0.000000 0.919397 0.000000 -0.393330 0.000000 0.000000 0.000000
4591.663086 0.000000 1873.996216 0.000000 0.994553 0.000000 0.104235 0.000000 0.000000 0.000000
4586.835938 0.000000 1869.990601 0.000000 0.958491 0.000000 -0.285124 1.000000 1.000000 1.000000
4591.537109 0.000000 1891.112793 0.000000 0.976243 0.000000 -0.216677 0.000000 0.000000 0.000000
4588.194824 0.000000 1876.061768 0.000000 0.999172 0.000000 0.040676 1.000000 1.000000 1.000000
4580.575195 0.000000 1866.373413 0.000000 0.926809 0.000000 0.375534 1.000000 1.000000 1.000000
4588.352051 0.000000 1881.245483 0.000000 0.980919 0.000000 0.194416 1.000000 1.000000 1.000000
4577.491699 0.000000 1869.879639 0.000000 0.957914 0.000000 -0.287057 1.000000 1.000000 1.000000
4582.385742 0.000000 1880.829346 0.000000 0.948082 0.000000 0.318026 1.000000 1.000000 1.000000
4585.128906 0.000000 1884.850098 0.000000 0.994490 0.000000 -0.104833 1.000000 1.000000 1.000000
4587.095215 0.000000 1878.302979 0.000000 0.997342 0.000000 0.072859 1.000000 1.000000 1.000000
4738.356934 0.000000 1812.398193 0.000000 0.962653 0.000000 0.270740 0.000000 0.000000 0.000000
4756.994629 0.000000 1810.052734 0.000000 0.963875 0.000000 -0.266356 0.000000 0.000000 0.000000
4746.564941 0.000000 1810.048950 0.000000 0.975836 0.000000 -0.218505 0.000000 0.000000 0.000000
"}
>>>>>>> f55cedb6 (1.7)
object={
	name="african_dynamic_mining_objects_generator_1_2"
	clamp_to_water_level=no
	render_under_water=no
	generated_content=yes
	layer="mines_dynamic"
	pdxmesh="generic_rural_mining_pile_01_mesh"
	count=0
}
object={
	name="african_dynamic_mining_objects_generator_1_3"
	clamp_to_water_level=no
	render_under_water=no
	generated_content=yes
	layer="mines_dynamic"
	pdxmesh="generic_rural_mining_pile_02_mesh"
	count=0
}
object={
	name="african_dynamic_mining_objects_generator_1_4"
	clamp_to_water_level=no
	render_under_water=no
	generated_content=yes
	layer="mines_dynamic"
	pdxmesh="generic_rural_mining_entrance_01_mesh"
<<<<<<< HEAD
	count=0
}
=======
	count=139
	transform="3839.697998 0.000000 1739.255371 0.000000 0.241311 0.000000 -0.970448 1.000000 1.000000 1.000000
3903.487305 0.000000 1668.274536 0.000000 0.392455 0.000000 -0.919771 0.000000 0.000000 0.000000
3888.647949 0.000000 1678.522583 0.000000 0.240031 0.000000 -0.970765 0.000000 0.000000 0.000000
3911.142822 0.000000 1665.431396 0.000000 0.277821 0.000000 -0.960633 1.000000 1.000000 1.000000
3854.604980 0.000000 1742.108276 0.000000 0.451747 0.000000 -0.892146 1.000000 1.000000 1.000000
3936.448975 0.000000 1720.526611 0.000000 0.305578 0.000000 -0.952167 1.000000 1.000000 1.000000
3910.395264 0.000000 1724.586914 0.000000 0.288963 0.000000 -0.957340 0.000000 0.000000 0.000000
3924.435791 0.000000 1736.803101 0.000000 0.359468 0.000000 -0.933158 1.000000 1.000000 1.000000
3917.872314 0.000000 1722.933716 0.000000 0.430940 0.000000 -0.902381 1.000000 1.000000 1.000000
3848.667480 0.000000 1755.794800 0.000000 0.410610 0.000000 -0.911811 0.000000 0.000000 0.000000
3861.235596 0.000000 1770.876709 0.000000 0.301936 0.000000 -0.953328 0.000000 0.000000 0.000000
4028.013184 0.000000 1709.395996 0.000000 0.433382 0.000000 -0.901210 0.000000 0.000000 0.000000
4073.967773 0.000000 1724.349121 0.000000 0.271084 0.000000 -0.962556 1.000000 1.000000 1.000000
4082.798096 0.000000 1731.212402 0.000000 0.388291 0.000000 -0.921537 0.000000 0.000000 0.000000
4035.820801 0.000000 1708.336670 0.000000 0.273434 0.000000 -0.961891 1.000000 1.000000 1.000000
4076.051758 0.000000 1726.625610 0.000000 0.264197 0.000000 -0.964469 1.000000 1.000000 1.000000
4078.693848 0.000000 1726.589844 0.000000 0.450371 0.000000 -0.892841 1.000000 1.000000 1.000000
4041.278076 0.000000 1801.099243 0.000000 0.427774 0.000000 -0.903885 1.000000 1.000000 1.000000
4052.984863 0.000000 1788.213623 0.000000 0.383727 0.000000 -0.923447 1.000000 1.000000 1.000000
4052.435791 0.000000 1793.287476 0.000000 0.253900 0.000000 -0.967231 1.000000 1.000000 1.000000
3724.375244 0.000000 1862.167847 0.000000 0.260469 0.000000 -0.965482 0.000000 0.000000 0.000000
3730.283447 0.000000 1865.117065 0.000000 0.430547 0.000000 -0.902568 0.000000 0.000000 0.000000
3931.190674 0.000000 1835.809448 0.000000 0.342455 0.000000 -0.939534 1.000000 1.000000 1.000000
4000.448975 0.000000 1833.495361 0.000000 0.354549 0.000000 -0.935038 1.000000 1.000000 1.000000
4029.124756 0.000000 1916.463623 0.000000 0.354978 0.000000 -0.934875 1.000000 1.000000 1.000000
4597.860840 0.000000 782.363342 0.000000 0.319063 0.000000 -0.947734 0.000000 0.000000 0.000000
4531.863281 0.000000 815.153992 0.000000 0.308637 0.000000 -0.951180 0.000000 0.000000 0.000000
4543.814453 0.000000 809.225952 0.000000 0.304769 0.000000 -0.952426 1.000000 1.000000 1.000000
4506.709961 0.000000 884.305542 0.000000 0.374706 0.000000 -0.927144 0.000000 0.000000 0.000000
4502.628418 0.000000 877.292847 0.000000 0.456322 0.000000 -0.889814 0.000000 0.000000 0.000000
4497.664551 0.000000 853.921631 0.000000 0.282537 0.000000 -0.959256 0.000000 0.000000 0.000000
4649.322754 0.000000 782.572510 0.000000 0.301518 0.000000 -0.953461 0.000000 0.000000 0.000000
4631.191895 0.000000 780.187500 0.000000 0.322349 0.000000 -0.946621 1.000000 1.000000 1.000000
4627.443848 0.000000 784.216675 0.000000 0.283084 0.000000 -0.959095 0.000000 0.000000 0.000000
4733.524414 0.000000 751.366577 0.000000 0.409621 0.000000 -0.912256 0.000000 0.000000 0.000000
4513.448730 0.000000 983.531189 0.000000 0.293383 0.000000 -0.955995 1.000000 1.000000 1.000000
4524.051758 0.000000 992.328674 0.000000 0.284921 0.000000 -0.958551 1.000000 1.000000 1.000000
4396.083496 0.000000 1206.232910 0.000000 0.294092 0.000000 -0.955777 0.000000 0.000000 0.000000
4405.994141 0.000000 1207.458008 0.000000 0.362156 0.000000 -0.932118 0.000000 0.000000 0.000000
4396.127930 0.000000 1213.613159 0.000000 0.376887 0.000000 -0.926259 0.000000 0.000000 0.000000
4405.428223 0.000000 1204.013062 0.000000 0.409696 0.000000 -0.912222 1.000000 1.000000 1.000000
4430.953125 0.000000 1353.112305 0.000000 0.246690 0.000000 -0.969095 0.000000 0.000000 0.000000
4509.422852 0.000000 1337.692505 0.000000 0.323072 0.000000 -0.946374 0.000000 0.000000 0.000000
4507.635742 0.000000 1322.191040 0.000000 0.388634 0.000000 -0.921392 1.000000 1.000000 1.000000
4533.566895 0.000000 1311.602905 0.000000 0.462707 0.000000 -0.886511 0.000000 0.000000 0.000000
4730.462402 0.000000 920.820068 0.000000 0.312642 0.000000 -0.949871 1.000000 1.000000 1.000000
4732.013184 0.000000 918.614746 0.000000 0.343604 0.000000 -0.939115 1.000000 1.000000 1.000000
4710.535645 0.000000 989.742493 0.000000 0.455528 0.000000 -0.890222 0.000000 0.000000 0.000000
4706.111328 0.000000 991.849548 0.000000 0.425251 0.000000 -0.905075 1.000000 1.000000 1.000000
4777.064941 0.000000 1068.424316 0.000000 0.436425 0.000000 -0.899741 0.000000 0.000000 0.000000
4871.437500 0.000000 1071.762329 0.000000 0.283080 0.000000 -0.959096 0.000000 0.000000 0.000000
4848.647949 0.000000 1170.163208 0.000000 0.415294 0.000000 -0.909687 0.000000 0.000000 0.000000
4829.392090 0.000000 1174.360962 0.000000 0.327940 0.000000 -0.944699 0.000000 0.000000 0.000000
4839.299805 0.000000 1176.066895 0.000000 0.370197 0.000000 -0.928953 1.000000 1.000000 1.000000
4755.991699 0.000000 1219.399414 0.000000 0.357393 0.000000 -0.933954 0.000000 0.000000 0.000000
4752.244141 0.000000 1215.369751 0.000000 0.270121 0.000000 -0.962826 0.000000 0.000000 0.000000
4652.376953 0.000000 1345.408325 0.000000 0.399407 0.000000 -0.916774 0.000000 0.000000 0.000000
4640.544434 0.000000 1346.472168 0.000000 0.452123 0.000000 -0.891955 1.000000 1.000000 1.000000
4806.330566 0.000000 1311.237427 0.000000 0.356729 0.000000 -0.934208 0.000000 0.000000 0.000000
4889.621582 0.000000 1177.562378 0.000000 0.356951 0.000000 -0.934123 0.000000 0.000000 0.000000
4908.051758 0.000000 1161.781860 0.000000 0.463694 0.000000 -0.885995 1.000000 1.000000 1.000000
4870.424805 0.000000 1319.500732 0.000000 0.451677 0.000000 -0.892181 0.000000 0.000000 0.000000
4349.032715 0.000000 1490.781860 0.000000 0.439996 0.000000 -0.898000 0.000000 0.000000 0.000000
4448.618164 0.000000 1358.990601 0.000000 0.351767 0.000000 -0.936087 0.000000 0.000000 0.000000
4451.200195 0.000000 1368.421997 0.000000 0.359315 0.000000 -0.933216 1.000000 1.000000 1.000000
4419.913086 0.000000 1366.561523 0.000000 0.431775 0.000000 -0.901981 1.000000 1.000000 1.000000
4430.389160 0.000000 1389.009766 0.000000 0.338846 0.000000 -0.940842 1.000000 1.000000 1.000000
4382.952637 0.000000 1431.621704 0.000000 0.426762 0.000000 -0.904364 0.000000 0.000000 0.000000
4362.564941 0.000000 1414.658325 0.000000 0.429385 0.000000 -0.903121 0.000000 0.000000 0.000000
4369.436523 0.000000 1435.978394 0.000000 0.348327 0.000000 -0.937373 1.000000 1.000000 1.000000
4385.641602 0.000000 1430.187988 0.000000 0.390029 0.000000 -0.920802 1.000000 1.000000 1.000000
4489.866211 0.000000 1394.697388 0.000000 0.289566 0.000000 -0.957158 1.000000 1.000000 1.000000
4503.191895 0.000000 1401.515625 0.000000 0.366226 0.000000 -0.930526 0.000000 0.000000 0.000000
4495.870117 0.000000 1392.447876 0.000000 0.310579 0.000000 -0.950548 0.000000 0.000000 0.000000
4484.948730 0.000000 1412.224487 0.000000 0.307799 0.000000 -0.951451 0.000000 0.000000 0.000000
4495.671387 0.000000 1413.638428 0.000000 0.414135 0.000000 -0.910215 0.000000 0.000000 0.000000
4422.507812 0.000000 1577.169312 0.000000 0.385415 0.000000 -0.922743 1.000000 1.000000 1.000000
4430.604980 0.000000 1572.655151 0.000000 0.296092 0.000000 -0.955159 1.000000 1.000000 1.000000
4577.448730 0.000000 1491.890503 0.000000 0.300182 0.000000 -0.953882 0.000000 0.000000 0.000000
4583.591309 0.000000 1510.429810 0.000000 0.365415 0.000000 -0.930845 1.000000 1.000000 1.000000
4587.659668 0.000000 1504.773438 0.000000 0.261167 0.000000 -0.965294 1.000000 1.000000 1.000000
4241.722656 0.000000 1690.224243 0.000000 0.385675 0.000000 -0.922635 1.000000 1.000000 1.000000
4260.759766 0.000000 1659.423096 0.000000 0.295827 0.000000 -0.955241 1.000000 1.000000 1.000000
4269.942871 0.000000 1659.987793 0.000000 0.412919 0.000000 -0.910768 0.000000 0.000000 0.000000
4277.428223 0.000000 1655.888062 0.000000 0.291695 0.000000 -0.956511 1.000000 1.000000 1.000000
4193.641602 0.000000 1712.609863 0.000000 0.439288 0.000000 -0.898346 1.000000 1.000000 1.000000
4154.028320 0.000000 1764.114258 0.000000 0.391099 0.000000 -0.920349 0.000000 0.000000 0.000000
4154.462402 0.000000 1768.085693 0.000000 0.380311 0.000000 -0.924859 0.000000 0.000000 0.000000
4096.042480 0.000000 1751.022949 0.000000 0.412468 0.000000 -0.910972 0.000000 0.000000 0.000000
4152.742188 0.000000 1780.909546 0.000000 0.375195 0.000000 -0.926946 0.000000 0.000000 0.000000
4161.017578 0.000000 1777.708740 0.000000 0.394994 0.000000 -0.918684 0.000000 0.000000 0.000000
4172.526855 0.000000 1774.061401 0.000000 0.246586 0.000000 -0.969121 0.000000 0.000000 0.000000
4234.564941 0.000000 1697.080200 0.000000 0.341689 0.000000 -0.939813 0.000000 0.000000 0.000000
4311.408203 0.000000 1706.369385 0.000000 0.370094 0.000000 -0.928994 1.000000 1.000000 1.000000
4282.637207 0.000000 1777.949341 0.000000 0.415235 0.000000 -0.909714 1.000000 1.000000 1.000000
4287.814453 0.000000 1769.460327 0.000000 0.392124 0.000000 -0.919912 1.000000 1.000000 1.000000
4296.173828 0.000000 1773.281982 0.000000 0.441297 0.000000 -0.897361 0.000000 0.000000 0.000000
4449.448730 0.000000 1604.859253 0.000000 0.295320 0.000000 -0.955398 1.000000 1.000000 1.000000
4436.094727 0.000000 1596.963379 0.000000 0.462843 0.000000 -0.886440 1.000000 1.000000 1.000000
4444.947754 0.000000 1611.634277 0.000000 0.387626 0.000000 -0.921817 1.000000 1.000000 1.000000
4425.795410 0.000000 1581.586914 0.000000 0.303499 0.000000 -0.952832 1.000000 1.000000 1.000000
4460.051758 0.000000 1613.656860 0.000000 0.312933 0.000000 -0.949775 1.000000 1.000000 1.000000
4364.083496 0.000000 1796.529541 0.000000 0.443566 0.000000 -0.896242 0.000000 0.000000 0.000000
4364.375000 0.000000 1805.683472 0.000000 0.297017 0.000000 -0.954872 1.000000 1.000000 1.000000
4605.032715 0.000000 1773.203735 0.000000 0.271003 0.000000 -0.962579 1.000000 1.000000 1.000000
4602.504395 0.000000 1774.774536 0.000000 0.414425 0.000000 -0.910084 1.000000 1.000000 1.000000
4783.917480 0.000000 1448.891357 0.000000 0.426049 0.000000 -0.904700 0.000000 0.000000 0.000000
4787.759277 0.000000 1443.474243 0.000000 0.269851 0.000000 -0.962902 0.000000 0.000000 0.000000
4750.953125 0.000000 1522.565430 0.000000 0.432291 0.000000 -0.901734 0.000000 0.000000 0.000000
4975.447754 0.000000 1424.795044 0.000000 0.363036 0.000000 -0.931775 1.000000 1.000000 1.000000
4969.967773 0.000000 1498.411621 0.000000 0.449899 0.000000 -0.893079 1.000000 1.000000 1.000000
4957.422852 0.000000 1507.145630 0.000000 0.448606 0.000000 -0.893729 1.000000 1.000000 1.000000
4774.346680 0.000000 1635.820190 0.000000 0.334540 0.000000 -0.942382 0.000000 0.000000 0.000000
4609.017578 0.000000 1777.708740 0.000000 0.378255 0.000000 -0.925701 0.000000 0.000000 0.000000
4688.244141 0.000000 1780.213501 0.000000 0.302282 0.000000 -0.953219 1.000000 1.000000 1.000000
4688.716797 0.000000 1783.113403 0.000000 0.418799 0.000000 -0.908079 1.000000 1.000000 1.000000
4691.362793 0.000000 1779.003418 0.000000 0.404443 0.000000 -0.914563 0.000000 0.000000 0.000000
4918.173828 0.000000 1700.715454 0.000000 0.436193 0.000000 -0.899853 0.000000 0.000000 0.000000
4931.837402 0.000000 1718.093384 0.000000 0.312876 0.000000 -0.949794 0.000000 0.000000 0.000000
4940.526855 0.000000 1717.577026 0.000000 0.323579 0.000000 -0.946201 0.000000 0.000000 0.000000
4985.460938 0.000000 1751.118896 0.000000 0.424444 0.000000 -0.905454 1.000000 1.000000 1.000000
4975.339355 0.000000 1751.261597 0.000000 0.377092 0.000000 -0.926176 1.000000 1.000000 1.000000
5018.364746 0.000000 1720.092529 0.000000 0.400108 0.000000 -0.916468 0.000000 0.000000 0.000000
5043.016113 0.000000 1715.382324 0.000000 0.338546 0.000000 -0.940950 1.000000 1.000000 1.000000
5036.352051 0.000000 1711.792358 0.000000 0.405915 0.000000 -0.913911 1.000000 1.000000 1.000000
5138.230469 0.000000 998.269897 0.000000 0.269335 0.000000 -0.963046 0.000000 0.000000 0.000000
5235.456055 0.000000 1179.975708 0.000000 0.415673 0.000000 -0.909514 0.000000 0.000000 0.000000
4168.667480 0.000000 1812.279175 0.000000 0.247598 0.000000 -0.968863 0.000000 0.000000 0.000000
4176.939453 0.000000 1823.428711 0.000000 0.327941 0.000000 -0.944698 0.000000 0.000000 0.000000
4184.077637 0.000000 1816.896484 0.000000 0.293735 0.000000 -0.955887 1.000000 1.000000 1.000000
4307.991699 0.000000 1840.727539 0.000000 0.246025 0.000000 -0.969263 1.000000 1.000000 1.000000
4288.042480 0.000000 1807.507324 0.000000 0.364239 0.000000 -0.931306 0.000000 0.000000 0.000000
4348.013184 0.000000 1822.364746 0.000000 0.307553 0.000000 -0.951531 0.000000 0.000000 0.000000
4302.389160 0.000000 1840.884766 0.000000 0.413002 0.000000 -0.910730 1.000000 1.000000 1.000000
4308.805176 0.000000 1807.567505 0.000000 0.262627 0.000000 -0.964897 1.000000 1.000000 1.000000
4315.190918 0.000000 1835.809448 0.000000 0.407769 0.000000 -0.913085 1.000000 1.000000 1.000000
4361.084961 0.000000 1818.317871 0.000000 0.386061 0.000000 -0.922473 0.000000 0.000000 0.000000
4579.104004 0.000000 1872.526489 0.000000 0.376991 0.000000 -0.926217 1.000000 1.000000 1.000000
4597.428223 0.000000 1881.825562 0.000000 0.391657 0.000000 -0.920111 0.000000 0.000000 0.000000
"}
>>>>>>> f55cedb6 (1.7)
object={
	name="african_dynamic_mining_objects_generator_1_5"
	clamp_to_water_level=no
	render_under_water=no
	generated_content=yes
	layer="mines_dynamic"
	pdxmesh="generic_rural_mining_entrance_02_mesh"
	count=0
}
